1	12440
4	10376
18	9435
26	11205
28	15392
30	9334
41	10165
43	10177
47	11479
58	9458
69	9722
75	10914
85	9584
96	10139
107	11100
113	9332
127	9343
129	9757
140	13872
144	10846
153	9783
165	9688
172	9369
179	9485
184	9387
195	10741
199	17780
201	9565
593	9460
212	9468
222	10381
232	9480
240	9489
247	11927
263	9375
273	16053
281	9353
284	9405
1446	9365
290	9477
302	9543
312	9423
321	14576
326	9450
338	9456
349	9493
354	9444
365	14017
375	9427
381	9425
392	12650
399	9363
410	9701
428	9379
443	9738
114	9442
463	9351
465	9525
475	11639
486	9582
130	9491
499	9744
507	9527
490	9371
524	9558
535	15624
548	9347
551	9330
562	10012
570	15626
587	9541
603	9505
613	9881
641	9658
623	9651
634	9664
643	9336
645	9976
653	16224
654	16284
664	9643
671	9357
680	14727
690	9916
700	10708
709	9741
719	15618
727	17496
739	9832
756	9551
765	9902
775	9349
790	9454
803	14636
805	10250
828	14127
838	10824
291	17821
841	17766
848	17631
856	10892
858	9764
888	9759
1243	9440
914	16367
925	9361
932	11019
937	9403
948	9684
989	10408
555	9328
1044	9646
1056	10585
1070	9401
123	9399
1101	9339
1112	9725
1118	9381
1487	9561
1152	9753
1174	9755
1197	9395
1180	13112
1211	9438
1239	9415
1241	9393
1247	9389
1334	9509
1336	11166
1360	9462
1365	9411
720	10668
1505	15761
1517	9446
1508	9515
1669	10210
1708	9673
1714	9452
1736	9670
1743	9409
1797	9448
1829	9429
1845	14217
445	9694
1912	10814
1971	9517
333	9341
1999	10003
5558	17828
2058	13397
2088	9472
1816	9373
2109	13029
158	10781
2169	9507
2197	9433
2200	9397
2207	16537
203	9407
2335	9680
1488	9337
2346	9621
2359	10898
2376	16269
2379	9355
2387	9625
2420	9482
124	12065
2462	9989
2483	14188
2487	9367
3167	15931
2555	10782
2562	11687
2567	14240
2647	14607
2664	14032
2666	12657
2702	9413
2806	9417
2084	9766
2855	9534
2866	9391
2927	9748
3000	9834
3012	12563
3034	9385
3089	11392
3179	13862
323	11402
3230	9359
3740	12834
3238	9464
120	9966
3261	16546
3265	9613
3314	11838
3087	13252
3460	12172
3706	9627
3715	10419
2356	9733
3403	10747
2063	9654
3885	9512
3889	9466
558	9421
3985	12137
2812	9377
4061	10227
4067	10884
4140	11403
4211	12798
4221	17966
316	9345
4119	9615
4442	16305
4464	11257
4520	17861
4651	9519
4681	14228
3909	9431
5041	11913
5163	16510
5301	9383
5402	17853
5595	9419
1549	17634
851	17660
4819	12648
4266	9473
3192	14187
3477	9591
6552	21277
6556	18837
6564	19345
6566	19352
6567	19356
6568	19349
6569	19351
6570	19342
6571	19355
6575	19584
6581	19149
6583	19143
6584	19137
6588	20494
6591	20486
6608	18630
6611	20310
6624	20475
6629	19699
6630	18561
6631	18567
6638	18530
6641	18478
6650	18554
6651	18410
6653	19274
6654	19260
6655	19269
6657	20437
6659	18335
6660	18565
6669	18655
6671	18343
6672	19378
6673	19372
6680	19565
6681	19553
6682	19559
6683	19558
6690	20418
6691	18288
6694	20417
6702	18590
6704	20707
6705	20716
6710	21528
6710	21529
6711	21532
6713	18341
6713	21531
6716	20077
6718	20077
6722	20968
6723	20969
6729	21164
6732	18693
6735	21084
6736	20653
6738	20664
6747	19816
6750	20539
6759	18314
6760	21826
6762	20569
6764	20570
6784	21215
6785	21220
6786	18579
6795	20256
6816	18476
6830	19402
6831	20701
6832	20700
6834	20703
6837	20998
6839	19373
6840	19193
6846	19190
6848	19191
6849	18517
6851	21756
6853	21755
6854	19556
6858	19297
6861	18611
6862	18619
6864	9431
6867	21037
6869	21045
6874	18509
6883	20769
6887	22061
6896	21817
6901	21682
6908	18331
6911	18683
6913	21325
6918	18399
6920	19619
6921	19620
6922	18961
6923	18966
6924	18653
6924	18989
6926	21551
6928	21580
6929	21558
6930	21883
6942	21401
6943	21402
6955	20855
6957	20853
6969	21614
6972	21610
6973	21616
6975	21147
6992	20797
6993	20783
6995	19621
6997	19626
6999	19628
7007	21414
7013	21309
7020	18635
7036	21280
7037	21275
7046	21862
7047	21867
7058	18647
7061	18267
7063	21789
7065	18540
7066	20731
7066	20739
7069	20731
7069	20739
7070	20729
7071	20730
7092	21244
7093	21023
7094	18492
7095	21025
7096	21029
7097	18497
7099	21032
7106	18387
7107	19593
7126	18785
7127	21491
7137	20487
7143	18722
7154	18464
7165	18294
7175	19499
7179	19211
7181	20181
7186	21635
7189	19295
7189	19298
7192	18548
7197	18520
7198	20723
7199	20718
7200	20721
7208	21505
7209	21522
7215	18385
7224	18729
7226	20983
7227	20986
7228	20990
7231	18340
7233	21176
7234	21184
7235	20891
7236	20657
7241	19815
7249	18550
7264	21676
7269	21117
7280	20325
7281	20315
7283	20366
7284	18295
7288	19477
7289	18301
7289	19895
7290	20476
7308	19272
7309	19264
7311	19256
7318	18467
7319	19026
7322	19028
7333	21391
7336	21396
7337	18349
7338	18407
7340	18656
7341	18596
7342	21838
7344	18457
7348	21236
7354	21096
7361	21607
7375	20804
7378	18336
7379	19638
7380	19632
7381	19641
7383	19636
7384	19634
7391	21690
7393	18686
7394	21689
7396	21687
7397	21711
7402	20568
7425	18485
7431	18337
7432	18465
7437	19859
7447	18544
7454	19405
7455	19412
7456	19469
7456	19464
7458	19479
7462	18515
7467	21802
7470	21487
7471	20273
7475	21574
7494	21030
7495	21026
7500	21686
7506	21409
7515	18568
7517	21305
7518	18327
7519	19747
7524	21425
7528	18435
7530	21047
7531	18425
7546	18679
7554	18658
7555	18543
7557	18660
7559	19001
7561	18414
7563	19128
7577	9489
7579	18744
7581	21227
7588	18386
7594	9328
7599	20316
7601	21417
7602	18662
7603	21314
7604	21323
7605	21331
7606	19465
7607	18690
7620	19078
7622	19072
7623	19074
7624	19069
7630	20446
7635	19381
7640	19557
7641	19555
7643	21857
7644	21846
7645	21856
7646	18689
7647	21847
7651	18423
7652	19223
7654	19231
7655	21550
7657	21543
7665	19631
7669	18384
7672	20877
7675	21319
7676	21317
7678	21455
7681	21461
7682	21469
7683	19855
7693	19401
7695	21917
7701	20307
7703	20305
7704	20296
7705	20304
7706	20301
7707	20304
7709	20342
7711	21241
7714	21239
7715	19221
7716	19230
7717	18367
7721	21598
7726	21359
7727	18541
7729	21358
7730	18338
7732	21079
7733	18643
7733	21080
7734	21073
7737	21537
7773	20395
7774	20406
7775	20374
7786	18688
7799	18588
7821	21386
7821	21388
7835	18817
7840	18794
7842	20494
7848	21743
7850	21744
7852	18698
7854	20826
7855	20839
7856	20833
7859	20837
7861	20645
7862	20634
7863	20636
7866	19122
7876	21442
7886	19364
7897	20214
7898	18344
7899	18796
7901	18985
7902	19161
7908	21174
7912	20677
7913	20675
7915	20687
7917	20689
7924	19853
7925	18308
7926	20324
7927	20332
7928	20323
7932	21308
7933	19467
7934	19424
7935	19420
7938	20236
7944	19857
7952	21003
7954	21007
7962	18990
7963	18970
7968	21248
7971	21146
7972	18342
7974	18272
7975	21536
7987	19646
7997	20477
8008	21943
8011	21810
8012	21808
8013	20299
8014	20297
8015	20290
8018	21269
8022	21077
8033	18306
8043	22070
8052	18309
8062	18304
8063	18742
8064	18369
8065	18347
8066	18353
8067	18345
8069	21585
8073	21592
8076	19209
8077	19208
8079	21771
8081	21770
8086	21844
8087	21853
8090	18675
8091	20863
8094	18319
8103	21070
8104	21087
8105	21071
8107	21075
8109	21987
8110	21988
8112	21991
8113	21986
8114	18640
8116	18706
8119	21416
8122	20581
8129	20381
8130	18362
8131	20376
8132	20371
8134	20372
8137	21945
8143	21028
8146	19795
8154	19361
8155	19358
8169	19386
8171	18332
8179	20209
8180	18466
8185	19310
8186	18291
8200	21131
8202	21129
8204	20328
8211	18576
8214	18303
8215	18956
8218	21303
8220	21302
8222	19106
8224	19097
8226	20461
8232	21639
8238	21641
8240	18537
8241	18468
8242	18473
8253	20677
8257	21338
8258	21344
8259	20126
8263	21705
8284	20115
8287	19500
8288	19496
8289	19539
8290	19526
8291	19525
8294	20699
8295	20694
8300	20148
8301	21887
8302	21880
8315	19202
8317	19232
8318	18702
8319	18516
8323	20093
8323	20106
8324	21340
8329	21815
8335	18409
8336	18983
8342	21850
8343	18298
8348	21108
8349	21097
8351	18708
8357	19691
8368	21972
8370	21067
8371	21091
8375	19158
8376	19160
8379	18535
8380	21988
8384	20611
8385	20623
8386	20613
8403	18586
8404	18412
8405	20880
8406	20879
8408	21349
8411	20843
8422	21874
8430	21791
8433	18626
8438	19793
8439	19794
8440	20960
8443	20225
8447	20738
8449	18487
8451	18971
8453	18968
8456	18997
8460	20633
8465	19750
8466	18479
8467	20215
8471	21264
8472	21263
8473	18884
8479	21541
8483	21194
8485	21199
8486	18333
8490	20683
8493	20827
8496	19829
8499	19835
8507	21694
8508	21716
8510	21370
8510	21367
8519	18376
8524	20298
8525	20302
8542	21068
8543	18390
8552	19654
8554	18334
8563	20478
8570	9419
8571	19879
8576	19282
8583	19692
8584	19690
8588	18422
8589	21960
8590	21957
8591	21964
8592	21971
8593	21975
8594	21974
8595	21969
8597	18413
8602	19676
8603	19671
8605	19662
8607	19668
8611	21831
8615	9425
8616	18501
8620	20386
8621	20389
8624	22065
8629	20121
8634	19277
8638	19501
8639	19503
8644	21939
8655	21512
8656	21534
8660	21882
8662	21885
8663	21890
8665	21899
8670	18713
8681	18346
8682	21051
8686	18437
8686	20976
8693	20212
8694	19320
8696	19316
8697	19319
8697	19327
8698	19315
8703	20619
8705	20621
8707	18755
8713	19906
8718	19743
8720	19748
8721	19744
8726	18585
8730	20614
8739	18982
8740	19002
8741	20207
8746	20091
8747	20096
8753	21195
8761	20158
8762	20165
8764	19833
8771	18644
8779	19929
8779	19945
8780	19940
8781	20265
8787	20078
8801	20711
8811	19285
8813	18582
8817	19056
8823	18388
8831	19238
8832	19240
8833	19247
8835	19248
8851	21292
8855	21944
8858	20306
8859	20292
8864	19656
8865	19660
8874	20552
8891	20749
8894	20751
8898	18472
8905	21017
8910	18368
8911	19801
8936	19768
8942	18558
8943	18901
8944	18900
8945	18285
8948	18829
8949	18832
8956	18449
8961	20504
8966	21196
8968	20678
8969	20679
8981	19397
8984	21127
8986	18580
8995	18424
8998	19733
9007	21341
9008	20034
9020	18454
9021	19275
9031	18707
9033	18439
9040	19655
9043	20577
9045	21346
9046	19964
9047	20032
9048	19916
9052	18539
9065	19287
9068	21935
9072	18421
9077	18320
9090	20755
9091	18646
9093	20750
9094	18697
9095	19041
9104	21859
9106	18669
9110	19839
9116	18643
9116	21080
9138	20603
9140	20650
9141	20662
9143	21306
9144	21307
9156	18815
9160	18419
9174	20266
9175	20387
9178	18392
9180	20715
9181	20709
9184	21118
9185	18628
9186	21120
9188	20206
9189	20208
9206	21261
9210	20740
9215	19734
9219	20094
9223	20142
9237	21605
9240	20753
9248	19061
9250	21617
9257	19284
9291	20123
9292	20120
9297	21283
9308	20977
9311	20972
9316	18325
9322	20617
9323	20625
4440	11184
3363	11182
2863	11192
2860	11201
4439	11203
3068	9461
1787	11523
53	11492
252	11932
2067	11926
2601	11929
2514	11827
5363	12397
4652	12593
4656	12594
4121	12585
4338	12636
3918	12732
3917	12718
3916	12721
3915	12722
2543	12701
3387	13042
4296	13040
4297	13045
5582	13079
5585	13097
5584	13103
5583	13093
5580	13104
5579	13089
4025	13094
4026	13092
4027	13095
4028	13098
4029	13087
2068	13502
3547	13659
2985	13597
5275	13638
2989	13609
2176	13680
2984	13599
4809	13626
3365	11234
2986	13594
2990	13612
1353	13539
3370	13531
1352	13503
1355	13504
1351	13506
2988	13595
4913	13644
1348	9571
3371	13545
1347	9488
1350	9594
3252	13108
1107	9844
1020	13916
4329	13167
1769	9939
264	9374
4900	13362
4898	13363
4904	13364
4903	13368
3609	13296
2786	17771
5354	14441
3619	14415
5360	14418
3616	14397
896	14401
3617	14426
1597	14492
895	14399
1598	14453
1600	14433
1602	14409
1603	14421
5358	14498
3325	14284
491	14294
487	14291
2818	14290
2821	14286
1594	14299
2817	14298
5248	14309
5452	14517
5454	9530
2888	9935
2892	9436
2889	14738
4049	11849
3316	11841
4529	11897
620	15265
208	11314
1923	9562
621	15267
4095	15313
5058	9437
5061	15315
5060	15310
3601	15204
3604	15207
956	15353
5597	15330
947	15325
5598	15340
1655	15322
954	15324
950	15329
2259	15336
949	9683
3591	15326
3587	15333
1657	15334
1658	15347
3588	15349
3745	15739
3743	15747
3744	15733
4783	9463
3741	15741
537	15381
178	9665
4115	15383
4109	9484
4114	15380
4110	15390
5219	15377
4111	15393
1711	15387
538	15356
4113	15375
4112	15384
5199	15952
800	15955
3250	16074
409	15781
5200	15958
5198	15949
608	15947
5655	9948
3391	16058
607	15951
604	15956
801	15962
606	15972
4488	16065
417	15776
413	9805
416	15777
412	15774
3249	16056
5267	15815
4351	15821
2071	15817
4649	15905
3523	16344
2956	16339
3521	16352
2167	16359
2955	9919
1869	16349
3439	17344
2846	9483
2838	9941
2844	10073
4864	10075
1964	9956
1965	17327
2845	9496
2842	10094
2841	9486
2839	10113
2840	9647
2843	9769
2216	10129
2217	10130
2218	10131
2219	10132
2220	10133
2221	10134
2222	10135
2223	10136
2224	9816
2225	10137
2871	9730
3368	17101
3201	16795
2719	17172
3997	17295
3888	9465
5079	17305
3993	17293
5081	17303
878	9899
5489	17145
1836	9709
881	9329
377	9426
3404	17289
2720	17168
4908	16913
4776	17624
5157	17611
4173	17617
3492	9747
4683	17614
4682	17606
1085	11206
2079	11249
3457	9516
3451	9592
1972	11228
2078	11250
2576	11330
200	9777
205	9574
202	11331
1929	11307
908	11325
1389	11382
2434	11372
2431	11373
2430	11375
530	11359
527	9853
531	11371
1768	11361
533	11374
4421	11345
5514	11332
4040	11334
5039	11348
3923	11340
760	12075
758	12078
755	12063
4447	9546
152	12226
159	12224
155	9792
154	9786
2501	13473
2506	13477
2499	13484
3130	13457
3132	13483
211	13803
216	13827
3647	13480
4891	13458
2498	9414
2500	13470
3648	13479
4892	13466
3136	13451
2502	13476
215	9790
4536	17483
1238	13450
4532	17490
214	9467
431	13347
4240	9813
549	9708
1478	14052
4222	9674
3654	14174
337	9962
5289	14339
280	9818
5281	9552
564	14553
322	15657
750	14579
5623	14822
3535	14773
5622	14796
5626	14782
3533	9577
3534	14946
3532	9814
2770	9410
2273	14729
5634	15470
4159	15429
5149	15473
2101	15443
3970	15478
3866	15469
3482	15421
2099	9892
4158	15459
3864	15424
635	16642
1689	16332
1694	16331
816	16447
1707	9793
1892	9958
513	17072
1465	9953
1466	16942
511	9720
1468	16940
2805	9416
4743	10552
5220	10533
5224	10564
4745	9368
4747	10567
4746	10491
4741	9781
1728	9606
4752	10275
2290	10299
2293	10255
2294	10302
2298	10301
3546	13603
1447	12105
1448	12098
2660	12119
1995	12096
1445	9469
1996	12097
1452	12103
1453	12100
2661	12116
3162	10645
3164	10647
5646	11087
3158	10626
1715	12419
4227	12412
4234	12427
4232	9451
1262	11800
1260	12790
1259	12794
1258	11804
1257	11792
1256	12782
1255	12789
1873	12788
3138	9400
1875	11806
1876	12781
1877	12796
3142	11817
3140	11810
3137	11802
3141	11803
2515	12795
1570	11818
3285	11813
2517	12783
3488	11086
3490	9579
1799	11022
3974	9578
4162	11046
5644	9447
5235	9586
4161	11015
2337	14667
2342	14671
3757	14724
2334	9969
5184	14683
5185	14694
5186	14684
5187	14690
5188	14698
2437	14366
1116	14376
2440	14377
1113	9724
1166	15673
1170	15675
1806	15687
4948	15832
4950	15843
2103	16630
3732	16622
2633	9340
1864	13437
4346	16947
1200	9773
5192	14196
2195	9955
1803	10988
2763	10980
78	10989
3125	15537
3126	15549
3128	15532
952	9692
515	17077
2250	17076
3031	11587
1859	15521
5302	15509
5306	15512
5299	9806
4823	15526
3730	16628
1151	10010
2953	16364
3596	12571
3594	12567
3593	12564
4424	9810
2316	13927
897	14398
380	14053
867	17365
2522	13319
2030	12680
3319	11885
4045	15910
4048	11846
4046	11847
3595	12568
3592	12562
287	14319
3675	9917
3673	9666
1327	10756
1463	16943
3219	9659
4848	16127
2264	15341
4229	12421
1605	10198
2852	16694
1049	9645
2516	11670
2028	16495
887	9758
1138	9542
1366	15812
4527	11880
1320	9650
893	14461
4269	14492
4267	14399
4270	14453
892	14433
4272	14409
4273	14421
3904	13890
3630	10662
4172	17610
2936	17603
3493	17600
3494	17601
3497	17596
207	11328
3382	9719
4078	16598
5465	16601
4074	16599
298	9476
4135	13272
5311	11470
5664	14135
2441	10215
5136	12647
4147	11469
4842	11472
4840	11468
4838	11476
4839	11420
4845	11423
4844	11417
4841	11473
4144	11466
4843	11424
3453	9983
5446	10671
4148	11409
713	16738
5264	12685
3674	9481
4763	16175
3214	9652
51	11540
894	14501
2924	15431
1737	15368
3618	14500
141	13887
3541	14681
1975	11235
1791	10658
3123	15534
3751	14264
1950	9914
1840	10151
3046	10158
3045	10149
3048	10144
1675	16938
4889	15590
4886	15555
4888	15591
4515	15930
5043	17476
52	11543
3622	11580
2423	13306
2429	13290
2422	13307
2424	13300
2426	13304
2427	13303
2428	13305
2425	13302
2848	16687
4075	16616
296	16619
3418	10684
5653	15948
5656	15971
1469	16973
498	11153
49	11544
1710	15983
4762	9751
4912	13664
5277	13624
3545	13642
2982	13606
716	16731
3213	16177
717	16741
4281	10681
637	16680
4142	11465
3487	11083
2338	14673
2015	15968
3800	16195
3800	16208
4179	10166
2922	15427
4684	17618
505	11149
3498	17609
3066	11609
4650	9518
4655	9520
4653	12592
2311	10213
2470	14270
2468	14268
2932	17605
2931	17598
2933	17602
2928	17622
4167	17609
2934	17599
2014	15975
2921	15458
1786	9912
176	10528
174	9739
173	10534
4789	14242
2466	14257
4790	14244
4787	14243
54	11547
1619	16670
5278	13616
1156	15224
4175	14137
2761	15220
509	11151
3789	16980
50	11548
5011	16524
4282	10713
3788	16949
3626	10665
2064	13415
1568	11754
1568	11778
1264	13888
5009	16523
5010	16519
5007	16522
5008	16535
4998	12824
4998	12833
5648	14130
3004	15331
27	15907
4573	14031
1872	16009
5183	14095
5047	9588
1306	11305
2920	15426
5012	9756
2930	17608
5346	15867
1557	9763
3670	12423
1567	11655
2057	13421
3504	14128
1529	9648
4791	14260
4895	12961
2004	14756
1164	9475
3449	15499
4076	16618
4788	14254
3171	15941
4368	12842
2324	17038
2060	13419
2983	9506
2512	11776
2173	13650
3266	16967
4834	13258
1305	11324
236	11598
5434	16724
2465	14251
4831	13292
1917	10813
2748	15436
1788	9762
3825	13412
3315	11845
3169	15942
2449	10745
2445	10703
4832	13287
2094	16168
4139	11411
4835	13308
3182	13864
3185	13865
1844	15798
237	11592
1604	16515
2027	16478
2326	17039
4833	13264
4137	13266
4836	13265
4136	13263
1793	10712
3826	13416
2447	10732
4079	16611
294	16608
299	16609
2446	10720
5048	16605
1871	15988
4212	12811
364	14021
2448	10686
497	11593
5230	10252
3217	16167
2062	13418
2443	10727
4557	12145
660	16290
5475	10803
2566	15280
234	9479
5118	17350
231	9909
4470	11279
4539	13406
4369	12853
4468	11278
4017	13621
3633	10707
2061	13410
4974	12135
3505	14143
3216	9478
2630	16162
2632	16165
3939	15873
1141	13016
1140	13017
5429	13021
309	13020
5430	13022
5428	13019
5431	13023
544	13018
5477	16742
3937	15875
3938	15874
3940	15872
3941	15871
3713	15876
3942	15870
3943	15869
3837	10660
1357	17315
3956	12207
3988	12153
1566	11651
4177	14139
4016	13613
4538	13420
1404	15631
721	15628
1979	15627
571	17760
1131	16592
4467	11270
3712	15877
1785	9907
3676	9906
3543	10912
629	10676
2926	17597
3983	12156
630	10683
632	10693
2591	10718
631	10672
2592	10733
2563	15276
3176	10882
2255	16255
3086	13251
2721	13413
3344	13135
2961	14070
4406	14333
3085	13250
2590	10664
3082	13249
3465	12208
1346	16280
4466	11268
3080	9649
2722	13411
3081	13248
3955	12209
3968	17575
3964	17560
3969	17567
2723	13404
3966	17576
3084	13247
1914	10843
542	15366
3079	13246
3211	16159
4071	16580
4134	13245
2049	11638
484	11640
4626	9657
4618	16562
2589	10695
628	10659
1870	15964
1132	16563
1944	11601
4265	9471
464	9662
3960	9590
3962	17552
2096	16155
4072	16564
1916	10819
2051	17432
3450	15484
3961	17555
4433	10799
4431	10795
1130	16565
3714	10418
1386	15483
627	10653
4073	16566
1528	9470
5669	15954
2804	15990
2802	16011
2803	15987
2801	16025
2511	16031
2510	16035
2800	16040
2508	16007
2509	16010
5377	12164
4975	12166
5375	12162
3982	12163
5376	12165
3965	17571
4619	16567
2351	14189
2083	16706
4620	16568
778	16337
3078	13242
2093	16156
3479	17572
4621	16569
4623	16571
4622	16570
5309	13241
4087	17413
4379	13024
1852	9544
626	12061
625	12060
4283	13240
1740	9595
622	12059
2622	15625
4085	17402
4556	12136
3345	17399
5092	10776
4084	17397
2001	9540
2090	16157
4020	17764
640	17395
4082	17394
5308	13239
3886	12134
3346	17392
