45839	382
123577	10582
3699	490
7200	9924
5929	5304
11127	2533015
188558	116675
188565	117806
2164	8925
7570	1328
1050282	251015
38853	752
3694	721
46487	1627
44266	4968
3683	1094
4895	973
3066	1434
1038093	116087
35531	5317
7652	891
3273	5361
11097	1715
5538	5357
2747	395
1211046	126144
12079219	2537531
7219	978
5346	1416
8326	1431
126339	125
12382970	1486611
3684	1062
2517	683
3704	862
5770	201215
9102	389
11562	68432
11363	312
816248	118640
7890	1509
5205	810
9270	1042
13193	354
9061	868
3682	1256
2852	448
12085562	784431
6469	1209
8921	1213
3072	1405
9945	226
5768	1768
8331	142
861777	125910
8336	1014
9951	621
30207301	3161078
2524	5334
4723	314
5196	451
827728	128294
999220	123557
10562	492
7225	233
865007	1485176
8918	1127
6460	896
9178	5349
1198123	3189656
6472	680
5771	1887
10209	36
1030001	195793
7763	5371
10200	5260
4941	80
4130	3913
46995893	3122506
12275389	289978
10695	26
5773	1072
9278	770
9489	531
1083118	695036
1024308	195792
12236125	345656
12867228	3653874
31165848	3422934
7534	1649
10561	211
10204	1367
9272	744
12025552	260851
187295	116677
159300	74016
1199064	760069
13899303	1516976
12357157	888689
74625	8615
31211	151
10558	1115
4721	1504
9943	66
5247	1711
9548	5359
11561	1596
13283	1170
5347	1200
12068017	374042
6457	833
2738	983
759509	70246
11761	8415
6456	332
3691	286
13190	548
2842	357
2118	1172
12977	4450
3695	1351
6453	96
956206	66258
5200	443
8325	317
8926	909
8329	565
956386	185500
939088	192913
2116	47
9269	249
1203045	225366
12047978	288672
3706	646
9940	4536
1045123	257187
10559	1001
11564	419
3686	1234
6462	729
12709	624
3701	858
13972109	265748
6066	5265
12121264	2473202
7214	522
13418	25
12138269	1456705
12157298	3247267
12420149	313587
5781	947
9621	385
166018	110631
4479	582
3685	5214
4813	1383
9167	1574
13058503	2723835
6452	336
12712	436
7891	1332
2849	720
12493781	1479745
2545	4310
4942	2866
2112	1359
4292	61144
4755	892
189873	111900
8327	801
9606	1306
1142042	271275
12065096	3908333
5198	1571
1156455	120383
9276	1275
188141	814518
3064	1020
3692	925
10577	1178
10473	32584
1876	922
6454	1493
6731	89199
2124	1607
2844	658
6491	627
13056440	2522330
12217134	1312347
187229	63220
3456	1600
906118	116089
222871	210
3697	690
12514278	1494307
9615	1717
5068	10221
1124151	290230
34199696	1624596
9944	1536
12062255	2718319
5354	195702
13145283	2880144
8281	72182
1143033	1035147
6459	1074
7235	871
1019154	223504
3073	77
1047015	123672
92526	9718
1007170	224764
1026069	137232
1087387	40580
7768	527
9952	1569
10367	5303
51002965	908596
275494	119388
2843	1610
7647	3449
7224	1501
29802127	2724951
12413	136340
8330	1580
6719	8619
10571	307
43033	1107
37995	21525
12049183	226833
12479356	661412
5769	161
31002807	4355654
36784288	2183985
512710	14036
6874	74898
34708338	557333
35696419	3665851
3171070	501481
34408212	531646
6884	37609
35419087	2601216
23043	244833
1958217	8797
1958224	8796
1958222	4151
10909	543709
10915	31782
10759	4059086
10811	391
3331032	517786
23077	11071
23086	4696
23080	8948
35234597	2151139
16606	123411
21330	8865
21349	1419
21329	8871
3050109	434920
15184	9012
25389	48551
25437	1808
25414	15602
75528003	9052797
75302730	9041133
39620358	6035651
73687697	7237532
7578	15948
7581	63265
7588	8835
7555	63269
11196	13220
11231	13109
11198	486
27909	8623
2630037	274927
27912	2072
74265883	7428722
74265883	7431591
34588326	548297
3066203	435537
3066203	1663903
74793824	10295278
80165714	10295278
15386	1763233
15338	7213
28493	72837
27834	2032
27842	373066
27838	2030
27836	2031
8491	68928
74715426	7069971
19247	1206
19271	1205
2426046	269580
27450	67047
16944	72790
16958	44843
16961	37590
25524	1902
99035308	16867152
94130588	15318362
13943	649
13939	650
13933	6438
15190	20948
74789580	7873846
34702485	553839
34908202	1354513
35688402	3654747
32370	7938
32346	44146
2262033	310124
7562	18862
21544	1507
21526	1505
21506	3985139
21555	1501
16611	57492
90793078	3092742
27441	6831
28283	524156
82433848	10991454
19264	1204
19327	5681
2263180	837
16953	31996
71747023	6289416
15185	5472
137622667	25095736
136737491	24677352
125360143	19518490
96426263	15997546
84391762	12025258
84391762	12025992
31336	67454
34751634	560675
31334	2179604
140499584	26356435
75093457	8193040
73822295	9398698
28659	36625
28672	5848
3121105	500397
34738570	557600
34768260	559579
82266485	10931105
28501	11885541
28499	44465
22618	22394
22602	60481
22614	44176
128747189	21102633
16942	57301
31495	21053
2533032	312064
17594	84024
2400975	268773
2461066	270507
19146	1058
19243	1087
19226	1102
35444067	2704571
2975136	16086
2975136	536722
13892	16086
13892	536722
13889	648
2390018	268789
38400	3986379
15699	37770
15701	7985
15700	10800
15711	814
2261053	77097
2674252	293023
2698016	287687
23074	2176574
2742059	524107
36165256	4828076
10882	110230
19078	19293
2759704	414264
8166	48777
3270143	527627
21212	107940
11307	400
19003	1130
21521	1482
21521	2180878
10900	12733
38230	66964
38228	253521
38213	2973
38217	2974
133143054	23058252
82927052	11409628
2893090	427286
2285010	113238
35623247	3288574
34721568	555809
38389035	5484022
38373053	5482432
38259	5236
38315	2956
38276	7716
27854	7803
8748	204
511419	44467
19323	22147
34555243	539986
25433	1869
27558	1997
25656	13189
25535	1952
35272	11980
35276	9060
35276	811057
36128554	4004547
39563698	5659653
37084119	5303779
21318	361034
2956076	429166
23497	114732
2685021	3983922
80659287	10434362
86631766	13133997
10804	15772
10792	7996
10770	29534
10766	64199
80902695	10537407
3184340	500958
2920045	427508
125187748	19385553
74053890	7373510
3416005	522440
34617	2728
34586	35073
34604	2733
2355016	268353
34627	2730
34629	7743
2685023	284681
32348	46079
32362	63914
32374	15569
34700385	553709
27459	112839
27518	8663
126837556	20272616
39355990	5513410
3113111	447205
37313151	5323895
84241773	11821308
37466177	5390686
36128041	4001308
36128041	4034825
35280	19599
19155	72991
19175	81519
73695990	7259512
12859	72580
35501270	2705570
15717	813
15706	4560
3414497	524588
31350	45313
32324	70121
34749138	557907
35013	5931
34991	83023
2635122	1365501
34222	2676
3287224	511595
137142551	24212014
11105	63286
35093341	1369609
72709830	6755091
3189002	519919
74265751	7330528
37139	10323
1958174	58558
19234	1062
3377045	519830
73681717	7230467
136636985	24638679
2263142	833
39083	49037
2321001	268433
17840	16303
96630997	16039419
74519732	7564347
36871103	4975580
35278	6562
32338	16152
75350006	9052858
90414452	14328933
121600320	17641620
71714478	10821471
25419	1814
98517711	16649511
7607	4668
7597	63264
18883	16172
18887	1123
18878	10860
18897	1117
18899	1118
21252	38279
21271	5431
3377350	519298
38701	9263
38672	37693
34613	2731
139409623	25888770
38033445	5447659
35069309	1367210
34861081	1303174
84238475	11844210
73471479	7320621
2848257	532606
2499056	536508
93217161	15088829
121962110	17666121
37553227	5401710
38530034	5499204
78849144	9886689
74946023	7974139
36082187	5189546
36839396	7974139
10750	84137
17056	975
17044	981
21288	1381
21276	1386
21250	77095
128371975	20914730
139483611	25916698
74999481	8069454
130455751	21815802
121012393	17361754
29698	2260
29739	2241
29739	2262
29704	2253
38707	6424
39763925	5799704
2696009	3911804
10752	114477
13900	186975
18918	1286
84778761	12266931
84778761	12268835
34282	2684
35023284	1364604
2379124	543709
38509039	5496474
73876834	7298310
37243	2884
37214	49359
34840022	1179876
2399017	351297
37219	10400
128041968	20822701
80416960	506345
88048904	13517862
84019897	11853645
3003027	431418
6371	72
34861281	1340975
34567265	538161
3093052	523668
74989312	7778203
34985	15622
38308	2957
71612860	6036832
35306059	2240070
35067010	559643
35042079	1365259
25429	1868
25394	4124845
25379	125539
25405	408620
25410	64254
126996669	20274987
38991150	5513512
7633	73478
2847071	2174162
2477021	1796002
9923	108308
84523097	12033994
75137405	8594317
95831891	15779920
86339613	12980868
38389	76185
137683477	25120028
80003734	10267984
38731	2999
38729	3000
34606	66397
38388039	5483977
25428	12437
19020	9584
19306	1098
85024801	12409571
88475476	13670930
90103981	14212811
2842017	420422
71734611	6171614
28586	2111
13352	125456
32593	2184648
18886	12449
18907	1290
18915	1287
18905	1293
18903	4533
18877	29218
34596127	547998
2759195	414140
5858	2
5854	3
18933	63764
18968	7828
2498002	272401
18871	70585
14557	7200
14583	707
14578	63594
37099457	5366007
35020017	1364231
34888014	1351833
3288025	513224
84131364	11788652
35069014	1861237
37256446	5333439
3048030	434604
2794107	12197
19136	8622
17833	74881
85075361	12438720
34738387	555040
38983092	7225793
10757	70746
10764	44635
10776	20310
2862009	419802
36910197	5227761
8406	2186257
6326	4771
2263135	31221
34961173	1361602
6548	7000
130148423	21690714
83878976	11862770
89916552	14139813
8402	5473
3389145	525724
2103007	264055
25383	58943
34988	526706
34980	5843
34964	537758
72607640	6891520
38472372	5497271
3389146	3829310
85476150	12674143
73599618	5513893
18999	1133
2537127	320812
34780271	553415
3154175	503766
2681139	288019
86832916	6036832
16967	137
16941	29427
10888	83658
39339043	5517854
73814950	8024770
72382787	6830347
14993	144111
2693002	3909011
2901229	427759
2533011	198548
13907	60093
2865146	422422
85068624	12418202
138451694	25432953
142040657	27074886
5827	46730
10763	64203
10799	5833
3064113	435308
10264	63557
10264	6736032
16954	12793
19259	1207
21343	142010
34667125	548040
18902	12988
18881	6421
38374300	5486383
122299210	18002607
3102864	444372
86625671	13125410
133051508	15330566
29658	6374
29787	2252
34825074	503732
37117	47757
20339	191420
34943558	1861237
37575103	5399084
79617281	10144124
36529043	4422028
28558	2153
28520	9979
28532	5206
28516	61766
16946	15655
3374001	518431
3367061	325440
19248	1065
19211	1061
2334085	244
2330147	243
489698	787
13140	1365493
13891	64037
34482287	19309
35886087	3758872
3029079	432847
78375893	9719184
27581	12258
37391032	5333409
2659088	279780
73914415	7332642
83570111	11488449
80320013	10354994
124266630	18852053
2270114	533396
15830	806
15808	809
15823	63120
3390144	519959
37240	2541729
8508	4541
8547	367735
35804043	3744236
35696068	3655805
34861909	1350285
34861909	2705579
14207	65410
72299988	6802949
73985629	7351540
29764	2249
29725	2238
141690859	26912486
19049	7292
3017591	6727680
9159	307
9150	64470
21822	65134
89917606	14048970
81083216	10568761
120422780	16616476
122580040	18142260
120722782	17204689
90102615	13124860
127353155	20402026
90104163	11818692
90102861	11573476
90102812	12212201
37164	7909
127302580	20396992
84267977	11983233
74838346	9889622
81235775	10627044
19058	7286
19033	1213
19036	7290
81876342	10816524
77634399	9510562
140341308	26289830
10748	460
21773	7807
2537141	256582
14978	114951
25425	19745
93027699	15032777
38431212	5494794
140791735	26462142
139147116	25779625
137934366	25188676
133884430	23357110
15236	2541679
16608	74269
16614	71905
489703	785
489703	288081
3075071	439025
72794957	7146926
34780579	562715
3024008	441766
3024008	3996507
3098832	443473
35450123	3932687
81580388	10694405
34870016	6715794
74602491	7696255
35006	36539
2732106	297124
35011	10883
25600	3829954
2794236	2152569
34767677	560171
35792383	3675396
137079635	24839057
10268	6889
10368	63561
15773	1724562
2866607	1738537
11005	45553
8662	68914
17017	985
38475551	5504261
38475551	5513433
75610861	9153063
12856	59663
136271715	24469086
85126028	12503668
21671	65096
2339617	21724
122619417	18121278
23054	12421
87797570	13383513
83351855	11439151
75891255	9428403
75558096	9108589
3431123	2154597
25432	9074
81978421	10838828
75625181	8740313
138162415	25322593
74926028	9537125
36814361	4964872
14190	52153
14271	672
94765283	15513577
15256	2541694
35005583	1364129
8401	38254
1923805	66724
33981	23787
33979	35477
33972	146136
33975	47927
34231	6970
34238	2675
6332	78
3054014	2185918
15744	75386
38485025	5482857
38033165	5443649
3169436	3864863
2263171	836
2263059	53388
18893	9034
8372	12521
34799332	546787
38005795	9458202
21790	65092
21763	1528
25688	13018
18972	1160
78937907	9909192
27447	112841
16978	932
38384300	9457719
35911036	3789780
36488636	4041993
37391092	5371137
21814	23833
34400085	530033
37029286	5244424
15251	63669
14267	150082
14234	661
14281	656
14279	6309
138515756	25492343
75464278	8752633
489701	784
3099076	443231
29692	2241
29692	2262
36997053	5243717
513101	14303
27849	64936
16951	64645
16932	114741
74921944	10769257
37197	2888
3077136	439487
35544019	3330356
27919	113249
27924	113228
27905	45378
2263157	10915
2569273	838
2263170	31784
141320455	26749911
133247886	23084260
37313103	2148329
13886	64035
8367	67330
10246	57782
11178	410
39723555	5804626
14201	673
75112071	8292665
80179625	10292906
21687	65106
10747	461
10746	9737
2449015	270218
489704	320266
15595	773
37181	2893
3093007	442065
2077319	112283
59914	658490
59917	658492
60208	38949976
60238	238200
60243	78915
66842	80403
70730	1081034
70852	530755
76933	6006093
77134	981274
77324	102868
77764	1044132
85238	2834344
85571	528817
85578	540825
85635	13155242
88889	396228
93175	27340411
93188	235716
93190	309296
93300	146186
101358	1134864
103876	981795
103922	325616
104957	51574271
108098	251309
108101	251538
108102	251340
108104	227990
108115	150061
108118	990108
108120	62567
108121	62564
108122	62563
108123	62561
108124	62565
108138	1120967
108173	1238940
108179	1238936
108182	1238941
108194	1238943
108197	1238934
108281	1010956
108284	1010957
108362	684564
108390	614564
108393	614567
108401	38440564
108428	534239
108478	438658
108485	442546
108493	441757
108557	388154
108567	388159
108795	125802
108858	106368
108914	93157
108931	93151
109998	1116274
110146	84555
110309	459528
111622	628852
112908	45851778
114442	328746
132315	919759
132316	919757
132319	919752
132327	919760
133998	853270
135028	1373819
139328	838888
139342	82862
139348	82855
139357	82863
139359	82852
139366	82860
139375	51574780
139377	1036200
139379	82435
139383	51574781
139387	150616
139389	150617
139390	82430
139465	2092054
139760	112132
139848	150726
139854	150730
139865	150731
139903	80847
139910	80840
139914	80839
142505	72743
142604	218086
145424	116964
145650	92744
145695	106674
149507	1248972
149562	1090999
149569	1619830
150415	136164
150422	680397
150432	103134
150558	296228
151139	107489
151311	982120
151323	1024939
151332	62651
152391	113012
152394	113015
155885	538652
155886	538654
155887	538653
155894	538658
155897	538664
155899	258975
155908	258834
155909	122561
155910	122560
155966	153225
155984	153243
156050	329077
156053	62638
156056	329078
157092	28718450
157101	28718451
157276	315892
157288	888898
157342	60251
165339	1234957
165340	1244660
165347	1156973
165361	945320
165364	928202
165367	3621760
165372	896518
165373	1032474
165374	896519
165379	3630027
165383	896515
165405	979000
167655	1245780
167744	681684
167751	441788
167799	1035261
167844	909773
167850	624579
167870	458663
167876	455880
167880	125852
167882	461317
167885	461313
167888	461318
167894	461320
167897	125845
167921	618995
167942	529967
167946	529960
167959	529964
167975	237910
168816	217136
168981	322334
168991	322325
174941	1114032
175977	1080867
175991	1080692
176047	24023984
176051	353455
176053	23542570
176060	24024002
185700	10346331
185709	440613
185809	324240
185821	324249
185880	138810
185919	156953
185950	156934
186001	94237
186003	94230
186016	228908
186046	235498
186119	156522
186139	156518
186145	215258
186147	215262
186149	156498
186150	215261
186152	156507
186154	116020
186156	215252
186158	61192
186160	243826
186162	215257
186269	40832193
186357	322030
187341	157325
187672	225689
187812	158540
188057	322610
188174	322649
188177	322654
188183	322655
189315	97058
190137	158201
190328	158181
190449	157908
190495	228948
190643	158367
191144	157799
191303	203191
202367	2134868
202368	2134873
202371	2134870
202373	2134876
202375	2134866
202376	2134875
208604	1134257
208884	1108602
208891	1108461
208902	450444
208908	554455
209121	79250
209718	130579
209758	130162
210042	160905
210049	160911
210050	89170
210062	160906
212347	160057
212356	160063
212379	160044
212394	208242
212412	159822
212430	877356
212436	159815
212652	159792
212756	76912
214029	23639474
215239	323422
215365	22867418
215885	284229
215973	2832977
223647	3779761
223655	929355
223801	393305
229010	57935
229302	301077
229334	132509
229336	132501
229394	162455
254037	1553776
254039	1553767
254041	1697361
254089	911958
254093	911960
254151	685272
254153	685271
254180	12367214
254184	10482787
254191	3911424
254265	96604
254270	208644
254294	82768
254297	82766
254309	82773
254328	82702
254439	384441
254516	164686
254523	202636
254574	58550
255544	165188
256468	27786821
276269	325799
276458	4400165
277111	296297
277817	166771
280098	167138
280694	626336
280761	127955
280922	3201831
285105	1188287
286684	863541
286739	607105
286957	944803
286959	944795
286961	944799
286966	944794
287063	231323
287287	215375
287719	325842
288121	45800867
288858	507536
299600	55519
299650	55512
299658	55509
299664	216540
299901	169745
299907	169753
300058	169707
300062	169701
300066	169704
300333	1024608
316265	2801679
316498	1134541
316509	90795
318259	520368
326784	1003766
326904	281087
326942	590275
326965	648827
327089	409472
327115	291598
327163	254741
329925	608526
344384	1609161
344387	1609163
344399	675704
344406	3427508
344435	956237
344439	397476
344442	397474
347355	5062432
347443	79376
347818	174195
347821	174192
347822	174197
347826	174189
350651	307486
351042	489032
351175	1028538
351198	490729
351271	175076
351305	310085
351318	128539
351405	175088
351444	61541
351446	665351
354390	6832491
354409	6832497
354549	350635
354601	91622
354603	1026783
354738	505795
354749	505790
354824	107811
357253	276588
357258	562890
357262	315981
357265	315980
357267	310033
357269	315976
357271	562894
357273	2759732
357284	251500
357286	203998
357289	7248569
357295	203995
357298	203994
357319	175782
357324	113399
357330	113396
357337	113403
357350	175795
357352	175793
357356	175792
374890	672803
375085	240843
375123	540195
375381	44435374
375394	556687
375660	177848
375892	177902
375917	313051
376100	722330
376173	27381116
376404	23542724
376417	23886916
376420	51385735
376424	216324
376429	216326
376432	323035
376435	23543182
385548	40170945
385585	178702
385603	178694
385727	22867668
386175	98804
386469	82400
386927	178967
387481	1096296
387498	1096635
390434	534328
390765	112114
390981	296080
394670	701435
5233037	1093832
5243638	61226
5272610	1041190
10308019	2092052
21177809	907628
21178378	560142
21178417	61311
22854064	3194492
22854067	3194493
22854070	3194477
25638240	1108588
25640392	4597352
25640409	2863563
25642714	455591
25642788	152812
25642952	271333
25643258	459553
25643291	844993
25643299	216443
25657514	51660714
25706282	4890172
25788001	3287563
25807716	373878
25807717	215135
25807718	58046
25906124	391611
26082851	6944773
26090155	3296942
26217330	3333272
26348316	3350545
26390167	17899688
26550470	3297263
26599012	1228699
26600766	56373922
26620874	2812889
26620881	2812891
26830732	58063
26830734	215136
27583494	3442545
27678655	3514083
27731176	3514084
27836172	28383403
27836179	3572912
27955653	3620537
27955658	3620543
27965155	3693984
28111597	3754157
28188427	5237999
28240533	4017282
28403111	4100778
28577372	4700873
28592559	4803662
28815250	5960811
28854182	4856712
28872370	4861596
28875126	4875512
28949444	5245130
28996920	62838
28996921	51574780
28996922	1036200
28996923	82435
28996925	51574781
28996927	150616
28996928	150617
29414839	51499294
29450548	5746578
29567186	5835279
29567187	5835273
29567189	5381582
29567192	5835274
29567193	9066675
29572738	5838910
29713754	5844591
29722599	5884665
29722603	5884667
29722604	5884668
29722605	5884669
29764562	6121414
30051774	6410347
30064004	6213991
30064263	6568057
30398629	6260428
30431364	6274617
30431365	6274615
30431367	6274608
30431368	6274609
30431369	6274611
30431372	6274614
30431373	6274618
30431374	6274616
30431376	6274619
30431378	6274606
30590559	6298828
30612793	6307329
31152310	6420765
31452764	6403703
31477213	6410682
31654343	6863662
32192436	6449273
32507038	6468891
32737496	6482330
33419478	24016710
34586075	6599297
34852171	6622296
35345951	24016711
35447132	6660024
35806002	6668559
36024442	6680691
36024806	6683124
36198045	6743409
36199053	6688004
36270426	6691107
36841427	6717080
36841428	6717072
36871368	6717081
36871371	6717074
37202030	6728930
37853980	6743405
37853982	6743402
37856938	6743407
41500546	27894580
399341255	6794125
399354629	11594987
402276512	381028
407450218	6863658
407450220	6863655
407450221	6839809
407450223	6863659
407459145	6863661
407459146	6863663
407459147	6863664
407459148	6863660
407840732	7000541
407889531	7004583
409646114	7028463
410518476	7001164
411214279	7056885
412902950	7095221
413740814	7093381
413812357	7095180
414002848	7140851
415792563	7117594
415792881	7119332
417250909	23903409
417250910	7150482
417250913	7150459
417833029	7148502
417859335	7145831
417859631	7201115
419594869	7175427
420513158	7187128
421203086	7196306
421423806	7214800
426027293	6449263
426850074	9042807
428095913	9561239
429450375	24024857
429450375	9826446
429459016	28442211
431357712	9851947
433018041	4239085
435004465	9886147
437608773	16827763
438801672	9944843
441491828	12018064
442867218	12018063
442869203	12018066
444269135	12442905
445702397	13137700
447281999	7175992
447925058	16827757
447925059	16827758
447925066	16827764
447925067	16827755
447925070	16827763
447926067	16827759
448144319	14425062
448916299	14406944
449818741	15195332
450041375	21681362
460099265	20584179
463268934	21681363
467590294	23485856
467595237	23485855
467595239	23485860
467595248	23643063
473441510	23674858
478049177	24024638
479408180	25505959
484057003	25341211
485355004	51573379
486188474	26229087
487379494	26273837
487590280	26282307
488256625	26364884
489092574	32673021
491943346	26448236
492116049	27127303
496298011	27314089
502935385	37696863
503853605	28751663
503853605	28574013
504646547	28604897
504685853	32673018
504685854	32673019
504686851	32673023
504914212	32673022
511656187	38552947
511656187	41389348
512358200	30350752
516321208	36878163
518863916	22867593
519913462	34182825
521415426	36188712
524913480	38109367
525239752	38621089
526472296	40088724
528478901	40362007
529668356	40351271
530995556	40413480
531295350	20693326
531295576	40079535
532711139	40098321
534542505	40531521
536502758	40618176
536622304	40602735
541687281	41384797
547764930	40887614
548239344	140248881
548556869	40915919
553310243	41183181
553595927	41303823
554244820	41271003
555328057	41187945
555557845	41286701
555770479	41344862
555942305	41285355
556203070	41302463
562594267	59156062
563563025	41386400
565907377	45241270
567366173	41400785
570334069	55724543
571336820	42570620
572042895	45938910
574919767	47663979
862100828	46026568
862129612	55724550
864498975	59000322
864513648	46706416
1299550532	51648461
1302091336	52270071
1303026461	52490877
1304920086	52767854
1305364667	51648462
1305366734	51648463
1305547844	55724548
1307334195	53583649
1308818167	54473179
1309866644	55724542
1312695489	41390397
1312703419	40829000
1313558538	55006664
1313701868	55052812
1314438112	55184632
1317145419	55662114
1317494554	55494121
1318234981	55724547
1318234982	55724546
1318234987	55724541
1318235595	55724545
1318284264	55716705
1318880056	55840744
1323301365	55716707
1323301679	56474692
1323302665	56474689
1323302667	56474677
1323304372	55716706
1323304744	56474696
1327456179	56997204
1329399401	57864724
1330348068	82239887
1331535573	57807675
1332184773	59107862
1334471781	60256143
1334647784	60010947
1334649948	59908880
1335819187	58136282
1336114658	66444969
1338414110	61499912
1338638320	62194752
1341185541	63024758
1341964346	63789244
1344340338	63286863
1345848098	63803414
1346079558	63888629
1346982463	63259718
1346998298	64039893
1352818863	65950807
1353372483	66261936
1357425553	67809422
1362195180	68808114
1363642136	68959988
1369903412	70147888
1374051000	71397053
1374056689	71401250
1374061036	71400995
1375277646	71785701
1375580791	71789947
1375580792	71166155
1375583284	71789950
1375583285	71789948
1375583286	71789940
1375583287	71789941
1375583288	71789946
1375583289	71789942
1375657748	71772030
1377137997	72235155
1377137998	72235157
1377138000	72235159
1377138001	72229126
1377138002	72235154
1377145335	72235158
1377145336	72235156
1379444316	72835803
1383914288	74346136
1385832299	75332648
1387611830	75902836
1388664695	75905531
1390397310	76694386
1392925633	77932690
1393608653	78063592
1396006331	84164538
1396141677	80081791
1396146252	84055546
1397096044	79182168
1400461556	81273727
1403556289	81496949
1405120236	81752106
1405283464	83765010
1407551413	83001418
1408901673	86685082
1409382131	83738402
1410021043	84195731
1411464897	84863484
1412263909	85088958
1412263970	85088963
1412264008	85088957
1412264550	85088960
1412264641	85094076
1412478063	85226577
1413988070	85593822
1414783134	86091198
1415566662	86144736
1417113061	87076477
1417625726	87133501
1417723811	87514815
1418136417	88135475
1420575583	89401708
1429363572	91310199
1430224832	91700651
1432091140	91889908
1432160163	91967691
1438865460	93587103
1442031605	95403335
1443098509	95954347
1449782659	140956420
1450726124	140381363
1451689758	82241382
1451692311	91885612
1451692415	85794398
1451699362	141332236
1451699772	84314630
1452439191	141882502
1453326529	142131024
1454975693	24627341
1460930236	144628600
1463165983	145389372
1465854885	146200698
1466675564	146426549
1466926750	146572661
1472044134	147917739
1475596788	149121488
1479003963	150225989
1481592204	150876134
1484967131	152534804
1486095911	152691713
1492338265	155048098
1496602290	156699298
1498342485	157191563
1500569811	158104409
1804320463	156483846
1806127843	159927464
1808053189	160769169
1811185976	161812299
1812184263	162438188
1813888105	162898618
1815918804	164601137
1817702136	165563101
1817971994	165425020
1817971996	165425026
1825674090	169007220
1827038716	169745088
1832582017	171895105
1833633769	172643340
1839768408	174820371
1842025914	176704915
1842784921	176715653
1842801269	176746585
1842801328	176747150
1842801466	176746586
1842801494	176747050
1842801496	176747051
1842801513	176746887
1842802095	176747149
1842802179	176747151
1842802205	176746886
1844448536	177466224
1844448537	177466269
1844449886	177466282
1844449888	177466400
1844449889	177466287
1844681373	177487668
1844957658	178075536
1848375872	180018674
1849964648	180424936
1850892167	180654755
1852043547	181219808
1859925367	184936298
1861640530	185407307
1877042785	147972105
1877691584	192103699
1877691585	192103650
1877694274	192103679
1878225963	192238643
1881994402	193860109
1895890137	199915925
1898179562	201182467
1899045414	201411819
1899047747	201411895
1900998233	202388213
1901371647	198554068
1904192389	203797186
1904556134	203925848
1906097379	204264622
1907766514	204930194
1909604149	205442926
1909939006	205719185
1913523466	207094243
1914933323	207699170
1915297033	207819352
1920025919	209614153
1920941709	210040970
1922623139	210656825
1925396986	212177214
1927438231	213005767
1929346993	213755490
