36784288	2183985
512710	14036
6874	74898
34708338	557333
35696419	3665851
3171070	501481
34408212	531646
6884	37609
35419087	2601216
23043	244833
1958217	8797
1958224	8796
1958222	4151
10909	543709
10915	31782
10759	4059086
10811	391
3331032	517786
23077	11071
23086	4696
23080	8948
35234597	2151139
16606	123411
21330	8865
21349	1419
21329	8871
3050109	434920
15184	9012
25389	48551
25437	1808
25414	15602
75528003	9052797
75302730	9041133
39620358	6035651
73687697	7237532
7578	15948
7581	63265
7588	8835
7555	63269
11196	13220
11231	13109
11198	486
27909	8623
2630037	274927
27912	2072
74265883	7428722
74265883	7431591
34588326	548297
3066203	435537
3066203	1663903
74793824	10295278
80165714	10295278
15386	1763233
15338	7213
28493	72837
27834	2032
27842	373066
27838	2030
27836	2031
8491	68928
74715426	7069971
19247	1206
19271	1205
2426046	269580
27450	67047
16944	72790
16958	44843
16961	37590
25524	1902
99035308	16867152
94130588	15318362
13943	649
13939	650
13933	6438
15190	20948
74789580	7873846
34702485	553839
34908202	1354513
35688402	3654747
32370	7938
32346	44146
2262033	310124
7562	18862
21544	1507
21526	1505
21506	3985139
21555	1501
16611	57492
90793078	3092742
27441	6831
28283	524156
82433848	10991454
19264	1204
19327	5681
2263180	837
16953	31996
71747023	6289416
15185	5472
137622667	25095736
136737491	24677352
125360143	19518490
96426263	15997546
84391762	12025258
84391762	12025992
31336	67454
34751634	560675
31334	2179604
140499584	26356435
75093457	8193040
73822295	9398698
28659	36625
28672	5848
3121105	500397
34738570	557600
34768260	559579
82266485	10931105
28501	11885541
28499	44465
22618	22394
22602	60481
22614	44176
128747189	21102633
16942	57301
31495	21053
2533032	312064
17594	84024
2400975	268773
2461066	270507
19146	1058
19243	1087
19226	1102
35444067	2704571
2975136	16086
2975136	536722
13892	16086
13892	536722
13889	648
2390018	268789
38400	3986379
15699	37770
15701	7985
15700	10800
15711	814
2261053	77097
2674252	293023
2698016	287687
23074	2176574
2742059	524107
36165256	4828076
10882	110230
19078	19293
2759704	414264
8166	48777
3270143	527627
21212	107940
11307	400
19003	1130
21521	1482
21521	2180878
10900	12733
38230	66964
38228	253521
38213	2973
38217	2974
133143054	23058252
82927052	11409628
2893090	427286
2285010	113238
35623247	3288574
34721568	555809
38389035	5484022
38373053	5482432
38259	5236
38315	2956
38276	7716
27854	7803
8748	204
511419	44467
19323	22147
34555243	539986
25433	1869
27558	1997
25656	13189
25535	1952
35272	11980
35276	9060
35276	811057
36128554	4004547
39563698	5659653
37084119	5303779
21318	361034
2956076	429166
23497	114732
2685021	3983922
80659287	10434362
86631766	13133997
10804	15772
10792	7996
10770	29534
10766	64199
80902695	10537407
3184340	500958
2920045	427508
125187748	19385553
74053890	7373510
3416005	522440
34617	2728
34586	35073
34604	2733
2355016	268353
34627	2730
34629	7743
2685023	284681
32348	46079
32362	63914
32374	15569
34700385	553709
27459	112839
27518	8663
126837556	20272616
39355990	5513410
3113111	447205
37313151	5323895
84241773	11821308
37466177	5390686
36128041	4001308
36128041	4034825
35280	19599
19155	72991
19175	81519
73695990	7259512
12859	72580
35501270	2705570
15717	813
15706	4560
3414497	524588
31350	45313
32324	70121
34749138	557907
35013	5931
34991	83023
2635122	1365501
34222	2676
3287224	511595
137142551	24212014
11105	63286
35093341	1369609
72709830	6755091
3189002	519919
74265751	7330528
37139	10323
1958174	58558
19234	1062
3377045	519830
73681717	7230467
136636985	24638679
2263142	833
39083	49037
2321001	268433
17840	16303
96630997	16039419
74519732	7564347
36871103	4975580
35278	6562
32338	16152
75350006	9052858
90414452	14328933
121600320	17641620
71714478	10821471
25419	1814
98517711	16649511
7607	4668
7597	63264
18883	16172
18887	1123
18878	10860
18897	1117
18899	1118
21252	38279
21271	5431
3377350	519298
38701	9263
38672	37693
34613	2731
139409623	25888770
38033445	5447659
35069309	1367210
34861081	1303174
84238475	11844210
73471479	7320621
2848257	532606
2499056	536508
93217161	15088829
121962110	17666121
37553227	5401710
38530034	5499204
78849144	9886689
74946023	7974139
36082187	5189546
36839396	7974139
10750	84137
17056	975
17044	981
21288	1381
21276	1386
21250	77095
128371975	20914730
139483611	25916698
74999481	8069454
130455751	21815802
121012393	17361754
29698	2260
29739	2241
29739	2262
29704	2253
38707	6424
39763925	5799704
2696009	3911804
10752	114477
13900	186975
18918	1286
84778761	12266931
84778761	12268835
34282	2684
35023284	1364604
2379124	543709
38509039	5496474
73876834	7298310
37243	2884
37214	49359
34840022	1179876
2399017	351297
37219	10400
128041968	20822701
80416960	506345
88048904	13517862
84019897	11853645
3003027	431418
6371	72
34861281	1340975
34567265	538161
3093052	523668
74989312	7778203
34985	15622
38308	2957
71612860	6036832
35306059	2240070
35067010	559643
35042079	1365259
25429	1868
25394	4124845
25379	125539
25405	408620
25410	64254
126996669	20274987
38991150	5513512
7633	73478
2847071	2174162
2477021	1796002
9923	108308
84523097	12033994
75137405	8594317
95831891	15779920
86339613	12980868
38389	76185
137683477	25120028
80003734	10267984
38731	2999
38729	3000
34606	66397
38388039	5483977
25428	12437
19020	9584
19306	1098
85024801	12409571
88475476	13670930
90103981	14212811
2842017	420422
71734611	6171614
28586	2111
13352	125456
32593	2184648
18886	12449
18907	1290
18915	1287
18905	1293
18903	4533
18877	29218
34596127	547998
2759195	414140
5858	2
5854	3
18933	63764
18968	7828
2498002	272401
18871	70585
14557	7200
14583	707
14578	63594
37099457	5366007
35020017	1364231
34888014	1351833
3288025	513224
84131364	11788652
35069014	1861237
37256446	5333439
3048030	434604
2794107	12197
19136	8622
17833	74881
85075361	12438720
34738387	555040
38983092	7225793
10757	70746
10764	44635
10776	20310
2862009	419802
36910197	5227761
8406	2186257
6326	4771
2263135	31221
34961173	1361602
6548	7000
130148423	21690714
83878976	11862770
89916552	14139813
8402	5473
3389145	525724
2103007	264055
25383	58943
34988	526706
34980	5843
34964	537758
72607640	6891520
38472372	5497271
3389146	3829310
85476150	12674143
73599618	5513893
18999	1133
2537127	320812
34780271	553415
3154175	503766
2681139	288019
86832916	6036832
16967	137
16941	29427
10888	83658
39339043	5517854
73814950	8024770
72382787	6830347
14993	144111
2693002	3909011
2901229	427759
2533011	198548
13907	60093
2865146	422422
85068624	12418202
138451694	25432953
142040657	27074886
5827	46730
10763	64203
10799	5833
3064113	435308
10264	63557
10264	6736032
16954	12793
19259	1207
21343	142010
34667125	548040
18902	12988
18881	6421
38374300	5486383
122299210	18002607
3102864	444372
86625671	13125410
133051508	15330566
29658	6374
29787	2252
34825074	503732
37117	47757
20339	191420
34943558	1861237
37575103	5399084
79617281	10144124
36529043	4422028
28558	2153
28520	9979
28532	5206
28516	61766
16946	15655
3374001	518431
3367061	325440
19248	1065
19211	1061
2334085	244
2330147	243
489698	787
13140	1365493
13891	64037
34482287	19309
35886087	3758872
3029079	432847
78375893	9719184
27581	12258
37391032	5333409
2659088	279780
73914415	7332642
83570111	11488449
80320013	10354994
124266630	18852053
2270114	533396
15830	806
15808	809
15823	63120
3390144	519959
37240	2541729
8508	4541
8547	367735
35804043	3744236
35696068	3655805
34861909	1350285
34861909	2705579
14207	65410
72299988	6802949
73985629	7351540
29764	2249
29725	2238
141690859	26912486
19049	7292
3017591	6727680
9159	307
9150	64470
21822	65134
89917606	14048970
81083216	10568761
120422780	16616476
122580040	18142260
120722782	17204689
90102615	13124860
127353155	20402026
90104163	11818692
90102861	11573476
90102812	12212201
37164	7909
127302580	20396992
84267977	11983233
74838346	9889622
81235775	10627044
19058	7286
19033	1213
19036	7290
81876342	10816524
77634399	9510562
140341308	26289830
10748	460
21773	7807
2537141	256582
14978	114951
25425	19745
93027699	15032777
38431212	5494794
140791735	26462142
139147116	25779625
137934366	25188676
133884430	23357110
15236	2541679
16608	74269
16614	71905
489703	785
489703	288081
3075071	439025
72794957	7146926
34780579	562715
3024008	441766
3024008	3996507
3098832	443473
35450123	3932687
81580388	10694405
34870016	6715794
74602491	7696255
35006	36539
2732106	297124
35011	10883
25600	3829954
2794236	2152569
34767677	560171
35792383	3675396
137079635	24839057
10268	6889
10368	63561
15773	1724562
2866607	1738537
11005	45553
8662	68914
17017	985
38475551	5504261
38475551	5513433
75610861	9153063
12856	59663
136271715	24469086
85126028	12503668
21671	65096
2339617	21724
122619417	18121278
23054	12421
87797570	13383513
83351855	11439151
75891255	9428403
75558096	9108589
3431123	2154597
25432	9074
81978421	10838828
75625181	8740313
138162415	25322593
74926028	9537125
36814361	4964872
14190	52153
14271	672
94765283	15513577
15256	2541694
35005583	1364129
8401	38254
1923805	66724
33981	23787
33979	35477
33972	146136
33975	47927
34231	6970
34238	2675
6332	78
3054014	2185918
15744	75386
38485025	5482857
38033165	5443649
3169436	3864863
2263171	836
2263059	53388
18893	9034
8372	12521
34799332	546787
38005795	9458202
21790	65092
21763	1528
25688	13018
18972	1160
78937907	9909192
27447	112841
16978	932
38384300	9457719
35911036	3789780
36488636	4041993
37391092	5371137
21814	23833
34400085	530033
37029286	5244424
15251	63669
14267	150082
14234	661
14281	656
14279	6309
138515756	25492343
75464278	8752633
489701	784
3099076	443231
29692	2241
29692	2262
36997053	5243717
513101	14303
27849	64936
16951	64645
16932	114741
74921944	10769257
37197	2888
3077136	439487
35544019	3330356
27919	113249
27924	113228
27905	45378
2263157	10915
2569273	838
2263170	31784
141320455	26749911
133247886	23084260
37313103	2148329
13886	64035
8367	67330
10246	57782
11178	410
39723555	5804626
14201	673
75112071	8292665
80179625	10292906
21687	65106
10747	461
10746	9737
2449015	270218
489704	320266
15595	773
37181	2893
3093007	442065
2077319	112283
