45839	382
123577	10582
3699	490
7200	9924
5929	5304
11127	2533015
188558	116675
188565	117806
2164	8925
7570	1328
1050282	251015
38853	752
3694	721
46487	1627
44266	4968
3683	1094
4895	973
3066	1434
1038093	116087
35531	5317
7652	891
3273	5361
11097	1715
5538	5357
2747	395
1211046	126144
12079219	2537531
7219	978
5346	1416
8326	1431
126339	125
12382970	1486611
3684	1062
2517	683
3704	862
5770	201215
9102	389
11562	68432
11363	312
816248	118640
7890	1509
5205	810
9270	1042
13193	354
9061	868
3682	1256
2852	448
12085562	784431
6469	1209
8921	1213
3072	1405
9945	226
5768	1768
8331	142
861777	125910
8336	1014
9951	621
30207301	3161078
2524	5334
4723	314
5196	451
827728	128294
999220	123557
10562	492
7225	233
865007	1485176
8918	1127
6460	896
9178	5349
1198123	3189656
6472	680
5771	1887
10209	36
1030001	195793
7763	5371
10200	5260
4941	80
4130	3913
46995893	3122506
12275389	289978
10695	26
5773	1072
9278	770
9489	531
1083118	695036
1024308	195792
12236125	345656
12867228	3653874
31165848	3422934
7534	1649
10561	211
10204	1367
9272	744
12025552	260851
187295	116677
159300	74016
1199064	760069
13899303	1516976
12357157	888689
74625	8615
31211	151
10558	1115
4721	1504
9943	66
5247	1711
9548	5359
11561	1596
13283	1170
5347	1200
12068017	374042
6457	833
2738	983
759509	70246
11761	8415
6456	332
3691	286
13190	548
2842	357
2118	1172
12977	4450
3695	1351
6453	96
956206	66258
5200	443
8325	317
8926	909
8329	565
956386	185500
939088	192913
2116	47
9269	249
1203045	225366
12047978	288672
3706	646
9940	4536
1045123	257187
10559	1001
11564	419
3686	1234
6462	729
12709	624
3701	858
13972109	265748
6066	5265
12121264	2473202
7214	522
13418	25
12138269	1456705
12157298	3247267
12420149	313587
5781	947
9621	385
166018	110631
4479	582
3685	5214
4813	1383
9167	1574
13058503	2723835
6452	336
12712	436
7891	1332
2849	720
12493781	1479745
2545	4310
4942	2866
2112	1359
4292	61144
4755	892
189873	111900
8327	801
9606	1306
1142042	271275
12065096	3908333
5198	1571
1156455	120383
9276	1275
188141	814518
3064	1020
3692	925
10577	1178
10473	32584
1876	922
6454	1493
6731	89199
2124	1607
2844	658
6491	627
13056440	2522330
12217134	1312347
187229	63220
3456	1600
906118	116089
222871	210
3697	690
12514278	1494307
9615	1717
5068	10221
1124151	290230
34199696	1624596
9944	1536
12062255	2718319
5354	195702
13145283	2880144
8281	72182
1143033	1035147
6459	1074
7235	871
1019154	223504
3073	77
1047015	123672
92526	9718
1007170	224764
1026069	137232
1087387	40580
7768	527
9952	1569
10367	5303
51002965	908596
275494	119388
2843	1610
7647	3449
7224	1501
29802127	2724951
12413	136340
8330	1580
6719	8619
10571	307
43033	1107
37995	21525
12049183	226833
12479356	661412
5769	161
31002807	4355654
