59914	658490
59917	658492
60208	38949976
60238	238200
60243	78915
66842	80403
70730	1081034
70852	530755
76933	6006093
77134	981274
77324	102868
77764	1044132
85238	2834344
85571	528817
85578	540825
85635	13155242
88889	396228
93175	27340411
93188	235716
93190	309296
93300	146186
101358	1134864
103876	981795
103922	325616
104957	51574271
108098	251309
108101	251538
108102	251340
108104	227990
108115	150061
108118	990108
108120	62567
108121	62564
108122	62563
108123	62561
108124	62565
108138	1120967
108173	1238940
108179	1238936
108182	1238941
108194	1238943
108197	1238934
108281	1010956
108284	1010957
108362	684564
108390	614564
108393	614567
108401	38440564
108428	534239
108478	438658
108485	442546
108493	441757
108557	388154
108567	388159
108795	125802
108858	106368
108914	93157
108931	93151
109998	1116274
110146	84555
110309	459528
111622	628852
112908	45851778
114442	328746
132315	919759
132316	919757
132319	919752
132327	919760
133998	853270
135028	1373819
139328	838888
139342	82862
139348	82855
139357	82863
139359	82852
139366	82860
139375	51574780
139377	1036200
139379	82435
139383	51574781
139387	150616
139389	150617
139390	82430
139465	2092054
139760	112132
139848	150726
139854	150730
139865	150731
139903	80847
139910	80840
139914	80839
142505	72743
142604	218086
145424	116964
145650	92744
145695	106674
149507	1248972
149562	1090999
149569	1619830
150415	136164
150422	680397
150432	103134
150558	296228
151139	107489
151311	982120
151323	1024939
151332	62651
152391	113012
152394	113015
155885	538652
155886	538654
155887	538653
155894	538658
155897	538664
155899	258975
155908	258834
155909	122561
155910	122560
155966	153225
155984	153243
156050	329077
156053	62638
156056	329078
157092	28718450
157101	28718451
157276	315892
157288	888898
157342	60251
165339	1234957
165340	1244660
165347	1156973
165361	945320
165364	928202
165367	3621760
165372	896518
165373	1032474
165374	896519
165379	3630027
165383	896515
165405	979000
167655	1245780
167744	681684
167751	441788
167799	1035261
167844	909773
167850	624579
167870	458663
167876	455880
167880	125852
167882	461317
167885	461313
167888	461318
167894	461320
167897	125845
167921	618995
167942	529967
167946	529960
167959	529964
167975	237910
168816	217136
168981	322334
168991	322325
174941	1114032
175977	1080867
175991	1080692
176047	24023984
176051	353455
176053	23542570
176060	24024002
185700	10346331
185709	440613
185809	324240
185821	324249
185880	138810
185919	156953
185950	156934
186001	94237
186003	94230
186016	228908
186046	235498
186119	156522
186139	156518
186145	215258
186147	215262
186149	156498
186150	215261
186152	156507
186154	116020
186156	215252
186158	61192
186160	243826
186162	215257
186269	40832193
186357	322030
187341	157325
187672	225689
187812	158540
188057	322610
188174	322649
188177	322654
188183	322655
189315	97058
190137	158201
190328	158181
190449	157908
190495	228948
190643	158367
191144	157799
191303	203191
202367	2134868
202368	2134873
202371	2134870
202373	2134876
202375	2134866
202376	2134875
208604	1134257
208884	1108602
208891	1108461
208902	450444
208908	554455
209121	79250
209718	130579
209758	130162
210042	160905
210049	160911
210050	89170
210062	160906
212347	160057
212356	160063
212379	160044
212394	208242
212412	159822
212430	877356
212436	159815
212652	159792
212756	76912
214029	23639474
215239	323422
215365	22867418
215885	284229
215973	2832977
223647	3779761
223655	929355
223801	393305
229010	57935
229302	301077
229334	132509
229336	132501
229394	162455
254037	1553776
254039	1553767
254041	1697361
254089	911958
254093	911960
254151	685272
254153	685271
254180	12367214
254184	10482787
254191	3911424
254265	96604
254270	208644
254294	82768
254297	82766
254309	82773
254328	82702
254439	384441
254516	164686
254523	202636
254574	58550
255544	165188
256468	27786821
276269	325799
276458	4400165
277111	296297
277817	166771
280098	167138
280694	626336
280761	127955
280922	3201831
285105	1188287
286684	863541
286739	607105
286957	944803
286959	944795
286961	944799
286966	944794
287063	231323
287287	215375
287719	325842
288121	45800867
288858	507536
299600	55519
299650	55512
299658	55509
299664	216540
299901	169745
299907	169753
300058	169707
300062	169701
300066	169704
300333	1024608
316265	2801679
316498	1134541
316509	90795
318259	520368
326784	1003766
326904	281087
326942	590275
326965	648827
327089	409472
327115	291598
327163	254741
329925	608526
344384	1609161
344387	1609163
344399	675704
344406	3427508
344435	956237
344439	397476
344442	397474
347355	5062432
347443	79376
347818	174195
347821	174192
347822	174197
347826	174189
350651	307486
351042	489032
351175	1028538
351198	490729
351271	175076
351305	310085
351318	128539
351405	175088
351444	61541
351446	665351
354390	6832491
354409	6832497
354549	350635
354601	91622
354603	1026783
354738	505795
354749	505790
354824	107811
357253	276588
357258	562890
357262	315981
357265	315980
357267	310033
357269	315976
357271	562894
357273	2759732
357284	251500
357286	203998
357289	7248569
357295	203995
357298	203994
357319	175782
357324	113399
357330	113396
357337	113403
357350	175795
357352	175793
357356	175792
374890	672803
375085	240843
375123	540195
375381	44435374
375394	556687
375660	177848
375892	177902
375917	313051
376100	722330
376173	27381116
376404	23542724
376417	23886916
376420	51385735
376424	216324
376429	216326
376432	323035
376435	23543182
385548	40170945
385585	178702
385603	178694
385727	22867668
386175	98804
386469	82400
386927	178967
387481	1096296
387498	1096635
390434	534328
390765	112114
390981	296080
394670	701435
5233037	1093832
5243638	61226
5272610	1041190
10308019	2092052
21177809	907628
21178378	560142
21178417	61311
22854064	3194492
22854067	3194493
22854070	3194477
25638240	1108588
25640392	4597352
25640409	2863563
25642714	455591
25642788	152812
25642952	271333
25643258	459553
25643291	844993
25643299	216443
25657514	51660714
25706282	4890172
25788001	3287563
25807716	373878
25807717	215135
25807718	58046
25906124	391611
26082851	6944773
26090155	3296942
26217330	3333272
26348316	3350545
26390167	17899688
26550470	3297263
26599012	1228699
26600766	56373922
26620874	2812889
26620881	2812891
26830732	58063
26830734	215136
27583494	3442545
27678655	3514083
27731176	3514084
27836172	28383403
27836179	3572912
27955653	3620537
27955658	3620543
27965155	3693984
28111597	3754157
28188427	5237999
28240533	4017282
28403111	4100778
28577372	4700873
28592559	4803662
28815250	5960811
28854182	4856712
28872370	4861596
28875126	4875512
28949444	5245130
28996920	62838
28996921	51574780
28996922	1036200
28996923	82435
28996925	51574781
28996927	150616
28996928	150617
29414839	51499294
29450548	5746578
29567186	5835279
29567187	5835273
29567189	5381582
29567192	5835274
29567193	9066675
29572738	5838910
29713754	5844591
29722599	5884665
29722603	5884667
29722604	5884668
29722605	5884669
29764562	6121414
30051774	6410347
30064004	6213991
30064263	6568057
30398629	6260428
30431364	6274617
30431365	6274615
30431367	6274608
30431368	6274609
30431369	6274611
30431372	6274614
30431373	6274618
30431374	6274616
30431376	6274619
30431378	6274606
30590559	6298828
30612793	6307329
31152310	6420765
31452764	6403703
31477213	6410682
31654343	6863662
32192436	6449273
32507038	6468891
32737496	6482330
33419478	24016710
34586075	6599297
34852171	6622296
35345951	24016711
35447132	6660024
35806002	6668559
36024442	6680691
36024806	6683124
36198045	6743409
36199053	6688004
36270426	6691107
36841427	6717080
36841428	6717072
36871368	6717081
36871371	6717074
37202030	6728930
37853980	6743405
37853982	6743402
37856938	6743407
41500546	27894580
399341255	6794125
399354629	11594987
402276512	381028
407450218	6863658
407450220	6863655
407450221	6839809
407450223	6863659
407459145	6863661
407459146	6863663
407459147	6863664
407459148	6863660
407840732	7000541
407889531	7004583
409646114	7028463
410518476	7001164
411214279	7056885
412902950	7095221
413740814	7093381
413812357	7095180
414002848	7140851
415792563	7117594
415792881	7119332
417250909	23903409
417250910	7150482
417250913	7150459
417833029	7148502
417859335	7145831
417859631	7201115
419594869	7175427
420513158	7187128
421203086	7196306
421423806	7214800
426027293	6449263
426850074	9042807
428095913	9561239
429450375	24024857
429450375	9826446
429459016	28442211
431357712	9851947
433018041	4239085
435004465	9886147
437608773	16827763
438801672	9944843
441491828	12018064
442867218	12018063
442869203	12018066
444269135	12442905
445702397	13137700
447281999	7175992
447925058	16827757
447925059	16827758
447925066	16827764
447925067	16827755
447925070	16827763
447926067	16827759
448144319	14425062
448916299	14406944
449818741	15195332
450041375	21681362
460099265	20584179
463268934	21681363
467590294	23485856
467595237	23485855
467595239	23485860
467595248	23643063
473441510	23674858
478049177	24024638
479408180	25505959
484057003	25341211
485355004	51573379
486188474	26229087
487379494	26273837
487590280	26282307
488256625	26364884
489092574	32673021
491943346	26448236
492116049	27127303
496298011	27314089
502935385	37696863
503853605	28751663
503853605	28574013
504646547	28604897
504685853	32673018
504685854	32673019
504686851	32673023
504914212	32673022
511656187	38552947
511656187	41389348
512358200	30350752
516321208	36878163
518863916	22867593
519913462	34182825
521415426	36188712
524913480	38109367
525239752	38621089
526472296	40088724
528478901	40362007
529668356	40351271
530995556	40413480
531295350	20693326
531295576	40079535
532711139	40098321
534542505	40531521
536502758	40618176
536622304	40602735
541687281	41384797
547764930	40887614
548239344	140248881
548556869	40915919
553310243	41183181
553595927	41303823
554244820	41271003
555328057	41187945
555557845	41286701
555770479	41344862
555942305	41285355
556203070	41302463
562594267	59156062
563563025	41386400
565907377	45241270
567366173	41400785
570334069	55724543
571336820	42570620
572042895	45938910
574919767	47663979
862100828	46026568
862129612	55724550
864498975	59000322
864513648	46706416
1299550532	51648461
1302091336	52270071
1303026461	52490877
1304920086	52767854
1305364667	51648462
1305366734	51648463
1305547844	55724548
1307334195	53583649
1308818167	54473179
1309866644	55724542
1312695489	41390397
1312703419	40829000
1313558538	55006664
1313701868	55052812
1314438112	55184632
1317145419	55662114
1317494554	55494121
1318234981	55724547
1318234982	55724546
1318234987	55724541
1318235595	55724545
1318284264	55716705
1318880056	55840744
1323301365	55716707
1323301679	56474692
1323302665	56474689
1323302667	56474677
1323304372	55716706
1323304744	56474696
1327456179	56997204
1329399401	57864724
1330348068	82239887
1331535573	57807675
1332184773	59107862
1334471781	60256143
1334647784	60010947
1334649948	59908880
1335819187	58136282
1336114658	66444969
1338414110	61499912
1338638320	62194752
1341185541	63024758
1341964346	63789244
1344340338	63286863
1345848098	63803414
1346079558	63888629
1346982463	63259718
1346998298	64039893
1352818863	65950807
1353372483	66261936
1357425553	67809422
1362195180	68808114
1363642136	68959988
1369903412	70147888
1374051000	71397053
1374056689	71401250
1374061036	71400995
1375277646	71785701
1375580791	71789947
1375580792	71166155
1375583284	71789950
1375583285	71789948
1375583286	71789940
1375583287	71789941
1375583288	71789946
1375583289	71789942
1375657748	71772030
1377137997	72235155
1377137998	72235157
1377138000	72235159
1377138001	72229126
1377138002	72235154
1377145335	72235158
1377145336	72235156
1379444316	72835803
1383914288	74346136
1385832299	75332648
1387611830	75902836
1388664695	75905531
1390397310	76694386
1392925633	77932690
1393608653	78063592
1396006331	84164538
1396141677	80081791
1396146252	84055546
1397096044	79182168
1400461556	81273727
1403556289	81496949
1405120236	81752106
1405283464	83765010
1407551413	83001418
1408901673	86685082
1409382131	83738402
1410021043	84195731
1411464897	84863484
1412263909	85088958
1412263970	85088963
1412264008	85088957
1412264550	85088960
1412264641	85094076
1412478063	85226577
1413988070	85593822
1414783134	86091198
1415566662	86144736
1417113061	87076477
1417625726	87133501
1417723811	87514815
1418136417	88135475
1420575583	89401708
1429363572	91310199
1430224832	91700651
1432091140	91889908
1432160163	91967691
1438865460	93587103
1442031605	95403335
1443098509	95954347
1449782659	140956420
1450726124	140381363
1451689758	82241382
1451692311	91885612
1451692415	85794398
1451699362	141332236
1451699772	84314630
1452439191	141882502
1453326529	142131024
1454975693	24627341
1460930236	144628600
1463165983	145389372
1465854885	146200698
1466675564	146426549
1466926750	146572661
1472044134	147917739
1475596788	149121488
1479003963	150225989
1481592204	150876134
1484967131	152534804
1486095911	152691713
1492338265	155048098
1496602290	156699298
1498342485	157191563
1500569811	158104409
1804320463	156483846
1806127843	159927464
1808053189	160769169
1811185976	161812299
1812184263	162438188
1813888105	162898618
1815918804	164601137
1817702136	165563101
1817971994	165425020
1817971996	165425026
1825674090	169007220
1827038716	169745088
1832582017	171895105
1833633769	172643340
1839768408	174820371
1842025914	176704915
1842784921	176715653
1842801269	176746585
1842801328	176747150
1842801466	176746586
1842801494	176747050
1842801496	176747051
1842801513	176746887
1842802095	176747149
1842802179	176747151
1842802205	176746886
1844448536	177466224
1844448537	177466269
1844449886	177466282
1844449888	177466400
1844449889	177466287
1844681373	177487668
1844957658	178075536
1848375872	180018674
1849964648	180424936
1850892167	180654755
1852043547	181219808
1859925367	184936298
1861640530	185407307
1877042785	147972105
1877691584	192103699
1877691585	192103650
1877694274	192103679
1878225963	192238643
1881994402	193860109
1895890137	199915925
1898179562	201182467
1899045414	201411819
1899047747	201411895
1900998233	202388213
1901371647	198554068
1904192389	203797186
1904556134	203925848
1906097379	204264622
1907766514	204930194
1909604149	205442926
1909939006	205719185
1913523466	207094243
1914933323	207699170
1915297033	207819352
1920025919	209614153
1920941709	210040970
1922623139	210656825
1925396986	212177214
1927438231	213005767
1929346993	213755490
