2272	10332
479	9589
2796	14689
3961	15618
6825	17612
8397	16733
7758	14672
4405	14103
8688	16921
3664	9868
6946	11782
2576	16020
5998	14772
3605	12592
2701	15294
4484	12623
3596	11298
335	9924
4135	15844
1597	13456
3023	17517
1718	11475
280	16932
281	14561
6971	13455
3278	11385
510	9654
5052	10069
2055	9370
1005	11118
7823	14389
8773	16311
214	10859
4131	18218
4293	12900
5713	14130
1640	11270
8792	16448
5226	14462
8358	14630
8637	14615
6886	17247
6309	15340
3560	12246
6603	12887
1895	14883
8951	12363
363	9200
2199	14920
1085	13903
98	18066
1501	10607
2605	12800
1106	16003
2716	13101
2624	18089
4674	12584
1673	15553
2145	11125
4052	13913
8061	18284
6901	18321
5796	12497
3039	11734
7781	14506
5491	18187
7053	17882
887	13069
1573	10191
144	13631
5365	13253
5033	15063
2109	18246
181	15457
6280	12499
2130	15489
5550	16235
3795	17464
8656	15156
5514	18306
8218	14031
5355	15760
216	14053
1538	10573
4552	13379
1102	10465
6079	13846
5366	17908
358	13450
5064	10508
4367	10298
3923	12538
4277	18058
865	15423
7681	10661
6398	15048
7366	16630
5360	11947
649	11528
8307	12137
708	10634
7191	11045
2030	10742
1394	12910
9087	14628
2710	11762
1757	17035
6754	15155
7880	15843
688	16056
2310	10774
6773	16751
2224	11176
8077	16377
570	11361
5806	12313
7803	14320
3576	13510
2384	11087
8599	11512
1692	11320
7493	12893
3199	12843
3169	15711
966	11421
7146	11242
3006	15467
3281	13804
3985	17704
8124	17491
1989	9679
1269	12701
8964	11718
6574	16740
3443	13181
5558	17257
2549	9983
8264	12705
2137	14353
5993	12961
3506	16063
5578	14833
7710	13191
4642	16179
7940	14157
1128	13108
679	13152
3457	11310
8393	12252
3232	14319
6532	16810
5378	14202
3245	11478
4815	17431
8501	13483
6763	12851
4011	10504
8983	9768
753	14339
2900	11108
1425	14221
5509	10176
8505	17122
7706	15596
7562	14050
3720	11876
8334	15601
4493	9717
495	11035
4241	16353
8111	18229
8042	13931
1590	9919
4328	15370
2025	10931
2580	9588
1319	16363
7924	14185
6171	14874
9013	9649
3040	11829
4843	10677
8244	12063
8876	15719
4735	9685
6874	17812
1764	11566
8791	13394
8089	17273
4280	11765
1797	12761
629	10463
4132	11158
7409	15847
635	12784
4087	13306
6383	17732
3723	17633
6304	18027
6540	17982
1582	9457
5229	12619
5362	13310
4686	13170
1440	10909
53	12061
5039	11289
6945	15701
1907	11779
230	9495
972	11338
5802	11265
2814	13053
6008	12505
9003	17230
1184	13504
6343	11992
1224	9241
1292	11251
2213	16161
4320	11506
6396	13038
5525	13135
1342	10227
8363	14702
8609	16670
9047	15958
3843	9204
6071	10027
1266	12656
6064	9445
780	15573
4701	16507
172	16115
6960	17751
6359	17170
8925	17735
717	16765
2724	16343
1282	10341
1361	18260
7704	13260
6092	16607
808	12648
4768	10472
1397	14674
4905	9507
2188	9205
7932	17016
1237	13114
7603	12463
8975	10657
1162	10229
2771	15574
6361	9258
1576	14445
1584	12433
8248	9360
6519	9951
5932	9522
497	9485
4504	16065
7602	17662
5253	16866
2147	17200
75	9774
5035	12867
1668	14571
5589	16707
5918	18225
4437	14027
2205	10540
1385	11182
1947	15685
2722	13116
5772	11950
3654	13417
3872	14578
8566	14483
4994	14423
6625	13589
2462	13493
6340	12488
7281	15953
3136	10753
8350	16184
2975	12456
8762	12253
2413	17275
1419	10120
4294	11135
571	17924
7011	15851
182	9538
225	9566
546	9183
5821	15288
2390	12028
8283	12067
7749	17526
4432	9195
6062	13954
6473	11750
8958	12293
3787	14603
3503	17194
8658	17240
2080	11757
1577	16767
391	9469
9079	14966
6241	12600
2031	15272
836	9396
4836	16061
1580	15165
8710	16403
3057	15810
1201	12869
6518	12882
5124	13283
8594	14737
6012	17574
8851	17490
3689	17340
682	14643
2799	9290
8002	18176
6139	11591
8470	17028
7986	13962
2720	9615
802	10454
4896	14829
8048	18270
2295	10164
8095	10314
1000	14241
8804	14529
2193	10246
4093	14645
1369	16349
4933	14687
7261	13616
1564	15902
6349	16004
7830	17938
5482	10313
7652	17202
6710	14680
987	15431
5332	16204
4335	10250
3215	17587
4259	15449
5934	16910
271	17835
8800	12611
3707	11019
5426	12881
5664	10418
4649	15652
3088	17717
7622	16279
5129	12561
1481	10500
6217	16283
4474	14538
6784	16227
7746	16285
4054	17646
3171	12675
5174	9492
9089	12529
975	17183
4972	11363
8486	17959
4075	12384
24	14876
8210	16147
1601	14592
6365	9961
3643	13115
9145	10784
5617	17195
6735	16089
6107	10326
4967	17754
8020	10789
821	10800
768	13888
8328	12287
3837	9248
7903	14656
8635	17330
7361	15085
5254	14611
2348	12214
1983	16586
3077	11825
861	17188
5741	12317
6232	11758
7273	14971
2706	12188
733	9861
8445	9785
360	14568
2101	17063
6428	9575
6287	18291
1993	10260
7765	14557
7934	13858
7360	11102
2727	14905
3706	11047
7650	15389
8881	18049
4762	15086
8025	18314
3751	16329
8720	11461
7182	14949
2631	12651
8282	12666
1667	17165
1240	14207
4893	16734
1039	10111
6670	10547
6301	14543
7198	18015
8168	16130
7751	14717
8188	18305
1515	17293
2546	13768
1625	15690
243	16732
6581	16275
6878	11459
8589	18020
2542	11729
1678	16372
4551	17396
2344	12789
9160	10427
4411	9278
1518	16913
7454	15146
6185	16400
2427	9417
4431	17985
8897	17004
2347	10005
6207	9344
6790	17559
7557	15428
2311	9172
3811	10795
2873	17164
6617	14271
8480	14799
4796	17400
6124	15869
1032	12802
3240	16817
1248	10315
7506	11383
1142	15033
3830	12390
6011	17263
8484	16672
6379	10277
1465	12938
7874	13199
137	13564
2187	13431
4212	12427
3524	14361
5170	15871
921	14795
5294	17941
3696	12731
6216	17434
6636	9321
5328	9193
7915	13185
5728	12007
1232	11797
2529	17324
155	9320
2725	9358
6457	15128
397	9628
7404	15286
620	15989
7020	12345
1593	11778
3411	16746
6992	11813
6652	17450
2309	16704
1081	12923
1586	12391
5634	17358
8016	17972
2182	14570
1252	13817
2467	16646
3808	12336
989	12248
5939	11249
2153	14420
4141	16079
7372	10760
773	12143
5499	16569
437	11606
7892	9819
3746	16875
5546	10976
1966	10571
867	10258
5232	14809
6000	12264
5196	16584
6454	16528
7378	9888
7142	15171
7926	9521
5926	13410
4697	14735
2198	10342
6025	16318
6531	11440
3416	18242
3771	12661
7471	10793
5132	12454
8960	14658
5768	15249
5805	9641
2415	10526
3848	12183
7697	11307
1490	14724
3594	17519
5147	14831
3693	14169
6075	14095
5730	16677
135	10107
1360	12018
3064	18171
7745	17032
277	9332
2399	14201
7922	18294
4500	16554
8789	18304
2338	16912
7267	16451
4214	10697
7579	15612
3346	16260
8548	15487
5316	9989
8494	16960
5812	12098
8371	17672
4990	15554
1421	10464
2788	14397
4253	11346
7455	12678
7120	14670
4629	9762
931	11692
402	16907
7910	17951
5811	12562
7033	9441
3439	17932
825	12903
2465	16477
5908	10125
5083	17663
4670	13634
1491	11473
8455	9831
8156	12272
4561	11407
128	10063
4040	11831
4256	12593
7966	14754
502	17401
4463	9655
8404	9211
6178	15009
2533	11785
1546	9686
1787	13972
1466	10516
1524	17000
5820	15801
3150	14021
8441	12706
849	9475
7453	14363
4882	9174
4176	9634
3404	10534
7018	17906
1882	9695
2935	11731
4898	10481
6931	14479
4117	12570
5293	17703
7352	15823
8798	10985
1591	16256
5870	15662
5955	15276
2246	17585
4469	15254
4643	10694
1536	9806
4555	15051
8000	17463
7436	15683
440	17949
6242	17395
7429	18096
3826	10684
2022	9601
359	9913
5907	11238
1020	14333
4446	12490
1767	13739
8632	13513
1199	16755
6311	14818
3293	18100
3044	17761
3622	16680
2259	9182
153	16925
2905	14541
8223	17385
157	15650
8578	15274
4244	13945
8452	17940
3753	13723
3603	12763
1532	12991
1478	16230
6833	15105
5392	18299
2008	11558
8132	10352
8945	9674
7321	17856
7632	17876
65	9214
645	14690
6972	15514
6167	13551
7870	16950
6797	17015
2491	14837
6990	13814
3208	15408
7842	15994
5541	18219
5967	12148
6851	15446
7664	12279
6200	13326
4261	11291
7833	15655
7613	15736
2941	11400
3820	9253
4926	13469
9012	14403
5242	11559
572	17560
564	12827
8890	16949
2863	13920
7985	14723
2214	12781
3212	17890
8836	17307
2855	10663
4450	13677
5483	13014
4022	11515
782	14866
2281	9949
478	10411
1860	9609
8961	17998
3041	16216
654	17266
1233	13027
8449	17802
6451	14558
6639	13386
143	11142
1599	9532
2439	15320
3022	14316
6376	10862
2477	16909
1943	9791
973	14376
980	15190
3522	12548
6986	14007
7075	17044
1761	14305
185	17438
4764	15728
8749	10438
8125	16867
6758	17019
3981	11229
5638	9234
6812	16041
1620	15223
8106	9993
1380	18023
671	12209
6069	14048
6759	14360
3645	14162
8921	17413
6496	13045
8147	15570
6774	9960
4779	17408
1723	13029
6323	16460
8746	17059
4382	13367
8376	13571
3672	17173
9158	15160
3085	14993
3827	14375
2472	15615
7315	9427
8233	11725
3871	11198
7039	10952
4771	15189
4706	11067
86	10203
2265	12153
3469	12599
7578	13826
4780	10947
8670	12340
8620	15090
8163	16059
7121	15196
1861	13705
1759	10026
8737	16992
6314	10988
4058	9706
1550	18196
4593	10745
6521	10145
1174	13460
6743	14519
8177	15933
7581	10304
2417	13078
2739	16244
2277	11269
6944	16359
2543	15835
7474	17671
6085	17780
8022	17782
4400	16836
9009	10998
2985	15041
5297	13813
7588	14213
7889	15424
3970	14608
2018	14855
4035	14491
4756	17393
6329	11262
1145	10318
8083	14298
8040	12415
3479	14810
3189	15079
2821	10794
6934	12846
7349	12977
8691	14873
4622	14544
2083	14175
8369	9244
459	12426
8869	17026
6507	11460
4599	11826
3832	14134
6133	17789
1992	11017
4007	17381
9035	16186
5794	15110
3641	15949
8826	15338
7583	11068
5711	17615
2323	15353
1423	12523
7374	14402
4974	14480
7466	10171
6385	11010
6463	16120
4041	12952
7832	9305
3668	17432
6154	18151
1489	12515
5090	13490
4129	13487
8184	9570
5503	15285
2734	14771
6852	17728
8342	9755
2943	14268
7449	12438
3207	12613
1803	13726
7877	14685
8956	17206
31	9346
769	17791
3930	14460
2558	16849
5474	15613
7016	9783
1453	13799
3019	16876
2802	17776
2909	10646
7928	16798
389	15647
199	15808
1090	11749
1146	11386
5076	17354
435	9537
2857	16860
3883	13158
4833	13388
790	11286
5155	9642
2719	18026
1823	12694
1533	13278
9084	11624
5567	9786
5484	15964
1629	14649
3035	14955
6930	17281
2807	13200
8087	18263
8586	10032
7147	17724
5477	16795
5180	17181
6712	12948
8552	9416
4088	12979
460	9303
6504	17458
5571	12780
8430	16571
1198	17159
2503	9539
3449	9757
4698	18300
7169	10322
2523	15594
2961	11627
1225	10019
8488	16447
2287	11321
408	13617
4326	12928
7344	14184
6478	17355
4960	15466
109	14116
4159	17979
6067	9238
3676	11469
5215	13095
8462	16825
4042	12702
4769	15959
8674	11069
4581	15856
4751	10475
1442	9930
8926	13544
8518	17522
7072	9614
2227	9710
8909	17133
6315	15043
5694	14782
6899	16942
7902	17552
2779	11602
5191	16037
3986	11841
4705	10105
6762	12104
4274	11666
7680	9314
9108	10066
927	12448
4248	14930
2950	16896
7428	16220
2995	18180
4669	12609
2667	17367
8822	17167
8437	17600
451	12502
8104	16898
4760	16267
6996	17496
939	16305
2651	9439
2096	11079
6368	14897
2261	13154
1751	13670
7909	10169
5390	15539
698	13612
4628	9479
7235	16539
8828	16180
2512	9636
1690	10400
4084	11856
4223	9202
5325	10932
4218	12230
5647	11988
1405	12617
5396	12808
6699	13331
1204	13964
2572	12720
1648	15606
3339	17512
171	10966
5139	13365
6321	10847
2927	9815
3273	11680
3790	17125
2760	9194
7105	15744
3390	17904
6647	17055
6643	14817
3453	11974
1291	10355
4401	18162
7971	11014
6043	16818
7153	12430
8794	17338
9156	10911
7627	16993
5013	11544
2245	17107
64	9215
505	9386
1328	11405
9067	10766
3719	14606
3322	11472
4788	16449
436	9680
2757	13668
7624	11999
5001	13213
207	11931
183	12587
1094	11009
7491	11932
3556	14875
3327	17342
484	17210
1506	9449
4065	9666
6622	17503
4537	11127
1182	11319
2252	15266
5915	13241
3862	13465
7656	17536
4806	11891
1059	11682
6752	14922
2132	16182
1606	15082
3255	15925
1788	12136
6590	13209
3864	12428
8216	10502
8496	11560
7447	15866
4973	9454
1720	11968
1108	14512
6400	13243
6474	16294
376	10765
2428	12992
621	12360
2559	17830
4917	14017
538	10188
1480	15791
7452	14190
7015	15287
6355	14291
7284	11928
7439	11065
5255	10035
9106	17996
2744	15393
574	10389
1883	15657
6001	9712
4952	16231
5398	14623
5776	17239
8092	15343
631	10103
4199	11290
7010	12924
3071	13494
636	15071
1798	17374
1230	10115
3768	18076
2037	15598
6230	14297
6227	18309
6066	13738
8509	11915
6910	18193
4454	13405
8357	15474
681	12788
6338	12398
3886	17988
4600	12174
5905	9270
788	14952
3368	16031
3381	12510
8649	10608
3476	10257
6818	12795
4558	11151
5699	12405
4556	14052
1969	9318
6334	12654
2735	17144
1132	14394
6983	17108
7327	13259
7865	16720
4018	16870
6701	17023
1356	17977
6668	15966
5645	10159
3965	17093
3149	14871
4795	10048
932	9184
4262	16323
8588	18158
499	13328
8251	12464
4860	10492
2598	14148
9082	15716
7149	9911
5781	10129
3134	9376
3236	11235
8898	15309
3234	13127
8345	15206
4682	12831
2071	11220
1443	16713
592	13395
1974	15986
4656	15765
8815	15909
5433	11775
7637	10291
960	11691
4024	13308
475	11446
6392	15733
1403	12729
2626	12133
2930	14440
3082	10664
6257	10668
2089	10184
1147	10708
8715	17076
7347	10160
5197	16558
291	17779
8096	10860
1885	11376
8346	14123
4492	13105
8313	11188
1053	10630
6556	13646
6223	17017
8176	16265
3745	13867
3	13385
2810	9212
6681	13002
5886	13748
4746	11543
7473	11573
1153	11553
6664	15331
5016	10538
7314	10863
8719	18094
4452	15391
8333	15675
7750	10867
2573	17295
5454	11773
6508	12697
6535	12441
4579	9401
8947	17360
3287	12994
2422	14927
1728	9708
2684	12953
133	13146
8877	13516
734	11275
4529	9550
846	10036
8343	16223
4866	14775
8661	10942
1071	12798
2226	10699
8769	11791
3888	11662
6510	17521
134	11173
1192	14887
5667	14475
2206	11162
8968	14442
2765	10440
4154	10312
6052	12709
6448	12573
3976	9260
4051	13348
6197	12957
6937	15914
8652	13856
1925	10158
2737	9353
8542	14083
5729	10577
4749	16939
743	9936
8753	15922
6998	12057
6624	12926
4373	9252
4654	13948
6822	12128
6166	9606
2086	15310
8439	11430
4616	15865
9024	13644
7368	11332
5581	10570
3285	10762
260	16983
4175	10937
3111	10590
7647	10447
3252	16728
8629	10606
8754	12516
166	16427
639	11717
3581	13586
4939	14515
6109	15748
5116	16935
2978	11355
6161	16374
4269	15450
555	9826
3966	9591
5422	13609
96	9809
3358	9474
2115	12172
3256	10790
7412	15560
449	14825
5	9637
5383	17620
4827	17361
4106	15745
5833	9623
1226	9813
1373	9461
7582	12886
6782	18099
8413	17250
6794	14778
2300	13094
5291	11186
2926	14547
278	10587
7111	13640
4271	14640
4242	9286
13	15441
7526	10109
7055	15569
3775	13614
7419	15270
7086	12032
2577	10975
8567	14548
2435	15920
4505	11417
4283	11429
6725	12198
7913	13906
6149	14400
4799	13374
2813	10662
2140	17803
483	13481
9152	12672
3685	12836
7559	17480
8331	13153
3821	11312
6014	15192
6055	13585
164	15603
3829	17650
5972	14524
4020	16121
4812	15713
7210	17846
7793	16390
7392	10813
2447	16373
8810	10810
658	12394
3919	17976
105	9617
2808	11618
2192	17709
7000	18239
7476	9285
1362	9771
628	12040
5008	14302
8065	16190
5823	14365
8287	12981
2276	12681
3684	11422
8824	12447
4385	17078
3475	9406
8398	17457
2060	15427
5861	12717
2386	11104
8390	13788
5208	17897
8318	14290
8149	15118
6582	10736
9120	16786
3979	17630
8421	17888
1847	9545
1095	15815
4959	12742
2452	12407
9042	17251
78	13121
8141	15185
2372	14784
1159	15525
7254	16306
7291	15978
5869	17081
5601	12927
7972	11082
2235	12579
6588	14164
2059	10093
4810	14575
8540	18002
4067	15687
2668	15893
366	10133
1851	13800
3366	18019
8732	11211
4249	10420
240	10605
3614	9999
4173	16043
8007	10406
1324	17481
4518	13588
5842	9345
580	14381
2414	10527
5117	11381
2852	10098
3096	14998
8035	13741
501	17197
5657	15054
5625	9373
7329	10615
7355	14197
4325	11958
5387	9564
795	9759
3128	11232
4931	17980
2315	9380
8885	10641
7320	15582
562	12783
5754	15499
2965	15384
3791	9855
4813	18129
8355	16587
50	11655
2896	11576
5591	11028
3769	16033
3666	15976
5107	15202
74	14306
4002	12070
2118	10845
6975	9400
7317	17860
2768	12217
4000	15007
5335	10345
3145	12582
3138	16150
6772	11159
2208	9886
5134	18271
9071	12973
6844	10195
2490	11144
4258	17416
6491	17003
103	11685
2913	10750
3387	16924
8619	11548
6966	14150
8267	14371
2673	12346
6389	12486
2036	15620
4652	12221
9092	11509
6645	13877
6100	9363
1928	14486
4854	10927
7367	11375
5847	9411
2884	9700
2534	15929
5603	12918
5684	10675
1134	13522
2903	9513
4792	10565
8847	12546
909	15579
5062	9811
8115	16610
8855	15394
6817	15089
8295	13837
3004	11649
715	12509
1988	11224
1914	10167
2770	17509
605	10217
110	10426
4865	13990
3302	9874
5000	17691
3592	16560
9138	17070
6969	15230
810	10944
1308	14170
7119	15227
5267	17294
7687	11873
1330	15413
5707	17054
3655	13975
3558	16612
4543	9899
4329	10671
3715	12371
4857	13019
6997	9739
8191	11851
3770	12357
6417	13696
1707	16724
5442	13109
1810	15813
1061	9891
2990	14252
1931	14808
873	9210
5443	17739
3526	14374
3009	16422
4191	14796
6597	12151
4740	13881
3168	10267
1273	9821
6297	13492
5973	11493
9144	15401
1953	10632
3334	17637
6612	11704
6882	16884
5040	15755
946	12119
6153	15904
7034	10941
8662	15219
3587	13093
3324	11766
5195	13740
4737	10618
6692	14686
3588	13673
1415	18195
4748	16567
3624	16205
3298	17226
7617	17419
5019	10580
6787	12406
8795	13999
1542	15157
2608	11930
2696	10237
935	16661
2072	9744
8584	11184
1946	14436
4314	14792
9066	15881
7674	14664
3563	18035
3730	12380
5910	15928
6021	18115
4673	11796
1111	14537
3010	9870
67	13034
3539	13537
3181	14285
1936	9237
7927	16234
8467	15336
4309	15194
7733	14308
3099	10752
7159	11084
7770	10364
4922	16068
6181	17592
2498	11897
4639	14591
4174	15677
6938	15924
4936	12176
1774	13849
4672	10118
272	10368
3017	16450
6560	16163
5642	12200
1997	14276
7080	16994
4331	11535
3674	12334
6922	11523
2312	14938
8100	14326
6538	10827
638	14992
3259	11175
1962	11177
7596	12277
5943	15676
2838	16416
1382	13407
4846	13428
8933	16296
6269	16467
4163	11051
714	15059
4440	9527
2216	10895
982	11752
5917	17575
2662	17446
719	16039
5272	11156
1910	11209
597	13598
7334	16536
349	10625
5793	11147
7330	13779
5137	10703
5897	17399
1242	13346
573	9185
196	14076
8677	14457
5300	13816
7654	11531
722	14456
2271	16128
8257	10264
2489	15334
2912	13276
2670	13934
4679	15564
6688	12213
2812	18003
7718	14967
902	16657
1529	16409
6547	17175
803	15863
5268	13353
4220	15608
4425	14552
7070	12132
7259	12267
4064	14599
2478	14959
6243	17910
7270	9735
2524	11393
1762	10775
3803	12569
4509	17012
4787	13550
7382	13563
1791	17741
5113	15356
7866	9728
5270	12146
1377	10117
6657	12786
5299	17332
113	9845
3653	17576
3952	9976
1932	11384
5394	11533
8728	16837
5891	18223
5023	15635
7893	10905
6880	12335
3721	13033
4483	10833
4521	16977
4809	14274
4848	12154
7636	15365
3274	10965
3407	12147
577	12768
7288	15114
2358	14858
7798	15819
3148	13329
3802	12498
305	9387
8123	9990
7463	17347
4390	13610
9083	13592
5986	12111
591	17784
8982	17562
6005	11479
7836	10174
5414	11703
4485	14982
8085	15982
9135	15075
5364	14665
8994	15182
2729	11115
5058	17783
7117	13171
6984	16014
5152	12103
4538	10639
8169	16995
7365	13561
7106	11152
4982	11924
1137	13682
7217	11419
7145	10916
7795	12033
5883	10210
2336	10707
2007	12901
547	13215
8329	17442
888	11549
2527	12785
8296	12896
2618	11584
1303	9256
5011	17178
8969	14708
2824	12305
279	11622
315	14890
6517	11389
1637	11372
4502	12739
4879	15993
254	15062
3734	13626
6199	9497
6224	10344
4349	17143
854	15193
4243	12491
6832	15104
6054	11063
5447	11121
4817	10568
2104	10130
8302	10348
3502	14411
4197	17253
5992	12449
7150	9592
1662	15066
5889	9593
7895	10817
496	15008
5288	15411
2168	11485
553	9817
6184	16952
2099	14622
6800	14218
3627	17997
4098	11737
6330	10047
3384	9573
1073	15992
3589	10238
723	17301
2761	16916
783	11362
7981	12366
6421	16852
3817	17482
8669	11814
7218	15977
6890	15158
596	13747
6459	16714
4644	17288
1869	10622
284	14152
5441	16533
4350	15490
7900	10560
805	10478
5451	17762
8818	13583
4057	15022
7827	16824
526	17225
4834	12376
2594	9301
68	11679
15	13942
1189	11822
7387	14448
4497	13509
6683	10757
3291	17472
8314	12055
162	12196
1469	10982
7426	11979
1098	9306
426	13625
5555	16803
84	18116
7653	15804
6490	9472
2317	9832
8998	18105
6369	10696
5111	11728
583	10033
4587	16462
8743	13032
154	14282
7028	16686
206	16654
6748	9516
8427	10669
2805	15703
7584	13316
362	13930
7098	14863
5663	17186
5146	16277
3637	17302
1340	11054
7166	11149
8962	17678
5853	17995
2658	11392
4927	14740
1613	13059
7047	16832
4724	13880
6189	16997
794	13106
3464	17282
5775	14177
2682	13040
2787	10623
7799	18255
2753	17487
7297	14997
2282	15682
8237	17169
4979	17036
8504	18073
1351	15648
8519	10720
2162	14253
7739	14172
4100	17891
150	12904
986	14340
969	14478
3700	11554
6751	16652
6262	11001
6247	12297
8080	18283
2839	14450
1853	12987
7774	9892
657	9910
1516	12637
8614	16911
7503	10604
4094	17196
3024	15083
3754	10649
6965	16958
4539	10695
7628	16982
8570	18051
6035	13186
5275	12051
4562	9436
8894	13761
4072	17423
3001	17602
2248	11916
4876	10805
8220	15546
270	13722
6524	9549
3601	13801
6848	15053
8425	10201
7001	16471
4626	16143
6460	15559
7925	17814
3417	14914
3224	13000
6791	9587
3163	9484
8373	12885
5017	12047
6387	14485
1942	14018
2156	16474
2079	15116
1302	13414
7399	10300
8627	15955
1980	13565
8034	18154
7905	17198
6128	15034
8161	11171
5782	10106
6084	12139
9052	15770
6254	11008
5244	12191
1410	9515
5695	17104
5303	9822
2021	15496
5690	17129
8884	13514
8692	16760
4630	14693
5331	15805
3841	13542
3424	16007
4829	17022
4312	13618
1402	11353
1912	16212
1216	11246
3567	11207
770	16358
1534	9510
5082	14901
1238	18083
2859	17582
2901	9600
724	15325
950	9249
6126	16601
8153	12271
6940	17268
4934	15940
1046	10628
7937	11477
2200	16594
7821	16649
1603	14059
6967	14838
43	11139
8955	13567
2617	9412
1067	12109
8154	16322
1800	12809
1709	9790
8617	10849
8889	11397
3944	10023
4944	11250
7122	12424
4366	14788
7606	11786
6608	12283
3932	12549
3793	14234
1086	16300
4086	15390
1169	10955
6859	11918
3359	17424
3529	17261
1317	15557
8625	18036
1210	16872
8435	13071
4794	9231
8517	16138
5767	11273
537	14070
2782	11594
7509	10339
2751	10089
3623	9789
3948	12566
1945	9720
875	15209
2493	10499
2688	12683
5544	12603
2373	17499
1243	10838
1368	16336
5809	11185
911	15837
6138	13335
882	18041
1312	15743
5216	13267
2769	15445
8724	17618
5921	13559
1043	9713
2495	17676
7104	12337
3669	13256
7844	17701
1092	11633
2410	12312
637	14349
3882	12425
367	10554
9017	16904
5184	15689
8725	15666
777	13271
160	13591
8294	10962
5504	11095
5340	15919
6828	9169
2773	9291
4278	9341
5979	11000
1696	11805
4708	12972
2850	10208
2963	15660
6123	16955
8116	16226
1416	10455
5716	15850
7304	15387
6244	12871
6767	10042
8269	11339
6902	16381
2202	10209
3435	14088
463	15913
3280	13104
1747	11764
2051	10183
6044	16933
2931	11720
8451	17820
222	9477
2190	10374
8767	11365
594	11323
7258	13064
3377	13895
60	11029
2241	12685
5759	11671
5632	11607
356	16273
115	11192
2368	9590
8325	17649
5087	9254
736	12179
5123	12835
5026	17623
8967	13624
8757	11240
8874	17414
3561	11736
4541	17065
2528	16354
3879	9509
6869	17822
8513	17970
2143	11777
3690	11987
1911	11236
6671	16862
5002	18243
4676	14074
8119	18163
4486	12990
1649	10240
7143	10334
4761	12342
3680	16730
3505	15117
381	12095
2550	10466
217	16480
8265	14673
5872	11180
1309	9657
7822	12520
6915	18318
5395	15397
1390	12116
2016	9186
7835	13480
489	12141
7414	15584
6845	17039
1024	11665
1526	18204
7761	9917
4059	11268
1826	11124
8399	13938
4457	12163
5397	17885
832	17260
7851	15794
122	10102
6693	16692
87	9854
7183	11023
7489	16497
6718	17935
6162	12134
331	9690
7037	11437
1149	12942
4695	14551
8733	16491
1354	17312
1888	16248
1211	12458
2340	15515
6740	15307
8744	18007
4557	16036
3831	15069
3990	9316
548	12864
3241	15938
4013	9395
5961	13160
1775	17688
7611	17708
7154	9392
5164	14300
5274	11899
3675	13167
2833	15552
8530	15983
8400	13190
7945	18075
6827	9985
3053	12367
8741	10013
3992	16726
8078	17639
7161	10288
3049	14174
4968	10154
2487	15278
2654	11431
6979	12281
3615	13654
6673	17124
4804	16202
5636	11741
5570	18107
175	9315
3123	10021
3265	12112
4481	15975
7639	12429
3718	14909
4710	15599
1898	12453
471	13803
3034	15875
9057	17978
7531	16404
3266	11117
787	9984
7846	18315
5450	13702
5186	16438
9058	17577
8362	15990
3920	12816
7841	14373
1972	12588
6051	17787
1806	12732
8930	10097
7791	17363
8812	12998
8370	15412
2938	13175
3146	12649
8090	17625
1820	13005
7442	14789
6889	14979
141	10799
3807	16525
7858	15641
2219	9217
992	13805
1990	14940
647	13538
2745	12019
1669	16667
8685	16370
5523	13717
4850	12682
1112	10561
4878	14023
1827	17158
3113	11783
8932	17050
231	9928
4178	15811
716	15341
7816	9650
4853	17045
3544	10080
3766	9651
7457	17515
3351	14985
659	17383
9075	9250
2488	9937
889	17001
336	10030
3599	12276
3546	11077
7612	14304
4957	13883
4112	12261
4363	10065
974	17469
8208	14802
3396	17690
7032	18103
5022	15305
851	11605
8872	17823
1766	11613
4641	9220
6449	12895
5584	12819
99	17866
9069	15551
1069	17092
847	9528
7756	16389
5413	17233
2103	14556
3365	10445
7021	13018
3272	14607
7663	16254
3835	14270
8626	15890
5485	11111
6112	14500
6432	14063
4466	9330
5982	13847
6895	11089
3438	14758
6381	11105
223	12238
5105	10168
3937	12554
8026	13360
200	12452
7920	12444
8857	16101
6881	15297
8676	17638
4136	11959
7845	10899
5121	15220
8901	12909
5285	18272
6492	12551
5691	12460
7006	14155
6941	17583
7036	16219
4915	18311
5104	10562
6118	12420
7008	16127
1241	10243
5079	15019
1605	12285
7572	16365
8696	18022
7230	17187
5343	17809
7388	12219
2627	10095
6525	16124
4691	17804
295	16102
1701	13512
4807	13488
192	11955
6630	16640
7302	18150
1776	11206
7520	15316
3239	16347
1961	15434
587	9577
8137	15602
238	15298
8438	17075
2324	17929
3874	16719
8206	13396
4297	11812
7038	17834
2554	12432
8750	16915
1615	16812
2456	17641
3341	12318
3762	15256
8443	18274
1395	16593
814	16658
4559	15039
7303	9505
919	13637
1337	11708
2316	16346
6091	9880
1964	17989
6471	11978
3030	16841
1866	14240
2314	16170
294	9901
3262	13745
8059	16796
1393	14465
8434	17304
4966	13576
5586	10219
3338	9431
3379	11025
8638	17038
3067	16494
1152	12325
4171	17714
8433	17981
283	12532
2296	11214
2034	14097
4402	17130
2215	11640
5258	13690
2229	12958
7244	14936
8187	15669
2048	9225
7279	17986
868	15527
8368	16543
9099	16139
544	12467
738	16284
4928	14029
1054	10591
5171	16183
7486	18238
5547	15143
870	9533
7031	16106
3661	17661
2888	10836
4189	12226
1940	15049
3968	9420
8228	14254
2879	12567
3178	11597
1003	11200
4608	9165
4017	17626
7215	14990
7067	13151
7112	11279
4169	15091
7375	16589
89	16242
4662	11202
8113	15981
9131	11078
3360	18062
6637	17176
3301	11636
7901	12258
3540	18173
609	12792
2501	13831
246	14574
170	10523
9081	10393
4427	13390
2063	9701
8545	16788
6114	17236
8699	17029
2992	16624
5007	10134
4150	11114
5393	9413
2203	11011
3198	14158
6074	16563
1952	11788
6246	11308
8298	10494
3499	13861
1833	9295
2303	18232
1944	15776
3066	18281
8097	12478
4085	16815
2809	10693
6730	16705
2908	13443
8907	17190
6607	13446
8768	16709
2876	10528
8991	13809
8888	13967
4963	16439
7689	15895
1009	16058
3238	16595
4975	14034
3466	13543
3660	10487
1168	13039
178	12079
4910	10096
79	17603
4582	14288
4700	15710
7979	9543
6053	10480
5831	13667
1286	13971
5337	11875
5874	17775
5490	11539
883	10600
5478	14393
3357	10230
147	9407
922	10586
1406	14467
2078	14773
6322	11327
2977	15729
1435	9916
5989	17545
2858	14554
4511	15979
7278	16054
1065	10764
3598	17936
8526	17516
669	10436
8892	16998
70	16789
6686	16780
8756	14438
3896	12124
5140	13549
8735	15251
7369	13429
18	14468
661	9293
8738	14878
1744	10055
6434	15563
490	17080
707	10887
543	10596
7044	11759
6183	12815
2661	9482
9020	17344
5752	14099
3579	11416
7633	11277
1906	14745
6888	17747
3956	15706
6147	17893
2376	13894
2929	13796
7848	12389
7135	15355
2269	14362
643	9734
8037	16518
1908	9753
2994	13935
1877	11255
6214	14511
6378	14583
3742	10721
6195	12782
7186	15169
6080	11039
3173	11551
5377	16641
7138	12459
3761	17113
6327	14928
37	10959
2013	15404
3697	14798
1623	16328
7904	18157
5464	15030
7480	17921
1755	13503
1494	16574
2786	11600
6927	10740
2514	16606
3219	17845
3213	16835
8944	17111
5385	17581
6613	9486
9098	11880
1388	16060
2643	11867
6411	9368
775	10886
3393	17372
2924	13982
2461	10656
4156	16444
1770	9908
6903	18025
5034	18220
5894	13149
8966	12535
7808	9280
5400	17192
8182	9962
5607	11756
28	13992
4453	13189
1454	12142
7386	13341
1458	10431
6611	13899
6410	15680
6877	16484
3809	11218
6438	15198
8422	17568
8853	13764
5719	14135
7462	17965
3290	9719
8212	15098
468	10509
1600	9281
4053	10780
7960	14964
8561	18040
1413	17428
4299	13370
7701	13177
898	15216
5900	15123
2517	17665
8094	14100
7312	10483
2223	11626
2175	14589
4801	10452
7950	13946
3218	10589
6788	14488
6317	16396
6501	10050
8976	15258
5965	9626
8359	10882
5287	10383
1768	16885
581	9692
4831	10049
4514	13665
1998	10999
8787	17411
8324	15842
3337	15438
189	10564
5845	12011
2595	12005
5530	10612
3263	18045
4028	9491
3657	12315
3699	12358
3289	10491
1487	14427
8871	10803
2250	12659
4424	12445
2204	11215
5096	11030
6239	16141
5520	14179
2231	11076
90	9834
1180	13651
3097	11352
4151	10428
8005	10592
132	13142
4097	16887
3230	10685
5862	16828
7715	12858
2715	17392
6635	13266
2691	9722
1836	12916
2752	16047
6059	16520
5687	16508
8835	15763
5466	15653
5347	12092
3436	18117
4025	10946
1103	18091
4145	17843
6623	16298
5911	11743
3582	15749
3328	13412
2112	12301
7056	13974
8011	9748
5788	17139
1037	10751
4387	17114
1644	12804
4840	10037
5678	11903
2133	13077
388	16631
429	18228
6119	10511
4913	9968
791	12038
161	14469
4307	11906
6405	15533
3348	14160
7737	12102
4482	11501
2232	11109
3705	17695
5496	15833
4188	18186
2991	13710
3276	15885
3408	14312
859	10425
7062	16424
3159	15368
1528	13006
4211	16008
566	16369
3065	16263
7127	17112
1486	12704
6468	15508
1345	14850
1277	17047
5507	12766
817	10266
1568	16682
6046	15758
513	9621
1276	12341
7643	15252
8166	11107
5522	17656
6906	17760
2748	17731
2648	13148
7884	12745
6749	15830
7820	15969
1212	17110
7670	15822
445	11582
1641	13404
6487	12331
4759	12997
7536	12521
8072	14139
6150	17953
611	15789
1392	10307
2113	10477
6575	16761
991	9607
3251	16545
8436	17604
5388	10868
2797	11550
6665	14923
5353	14860
8428	16029
6793	13129
5610	18313
2891	9643
8270	16466
4864	14435
6615	12589
26	11700
8803	13462
8066	17923
7524	9943
5597	9269
4999	12866
2180	15541
3907	16855
823	10448
2321	15380
6177	9850
8266	14265
8030	11217
3749	9458
1017	17091
6679	16557
7728	13298
6976	14273
1660	12747
2837	17382
1347	11957
1383	15233
8205	15860
409	9682
5980	13604
6549	16945
2015	9228
3336	13336
3177	10666
4417	9175
5308	14096
2804	9229
7952	17476
7930	18081
8146	14839
4045	17588
8074	9594
2894	15076
3898	16954
4657	17957
6205	14507
4215	11898
1950	9599
2708	12845
4791	15802
2068	13343
8410	10599
5193	14016
4308	17380
3849	11641
7305	16811
3644	11674
6370	15834
1268	17887
2090	9442
1553	11454
6344	14257
3242	18159
5473	16146
7595	16853
5866	12080
3269	16086
6163	12145
2066	11834
4403	13416
1143	11883
4805	12632
7625	16727
2411	12155
7673	17749
3073	10156
765	16782
588	15139
8009	17968
5635	12418
3969	15092
4300	9423
8049	16181
2540	13760
1433	13258
5577	16435
8703	17474
1876	12321
7609	12100
4576	12106
213	17375
1265	12680
5554	15259
6629	17907
895	15587
6469	11181
1370	14503
9039	10542
241	9288
2698	9343
8053	16626
2154	10417
6766	15347
533	9645
5065	9610
3221	13635
8157	11588
5027	9799
7933	16105
4741	11168
2561	12944
3250	11603
5672	12757
364	11331
1548	16440
7767	12560
9036	16487
7065	16779
1052	13096
2335	13289
1547	13150
8920	12157
108	12848
3728	18208
7233	16324
7403	15468
7565	11986
5693	13011
940	12506
3889	14233
3003	15277
3018	14892
6206	13363
4409	9325
7263	10519
6320	10619
3075	11661
6511	15921
420	12585
3732	14132
4468	13790
5304	15167
4665	12576
1901	10476
1093	10068
3597	15147
7345	10682
5764	17973
6429	16194
242	9326
6180	13339
4245	12629
7200	15246
3326	14030
8508	15624
2619	13996
1934	12205
837	9914
3640	18065
6631	15042
7269	15799
4287	16678
351	16018
6634	12118
5602	14369
4254	15957
2398	16053
7977	16371
7593	14249
3459	12016
2146	10737
1499	13453
6082	16729
4228	11771
9128	17621
9151	9693
8309	10788
2826	17828
8255	13793
2829	12531
4207	12343
5126	11869
39	9678
8108	18226
4925	16605
7743	16413
3432	16721
1492	11457
465	12898
2613	12504
480	15586
8887	13806
5717	12832
4282	9788
474	17466
7443	12094
1099	12197
527	13464
6785	13264
828	9451
7425	12555
650	13820
8805	13983
3378	9227
7469	11276
2351	9536
3748	18063
3510	17391
8477	17955
721	10741
3161	16783
3553	12171
4177	12779
350	12837
634	10967
4784	12484
1470	13763
4464	13206
5257	14813
4157	13897
4859	16717
2050	14449
4883	14962
261	16009
179	10025
340	17768
2105	13131
5502	17667
3152	10505
1418	12633
1651	11216
3695	11536
8029	17246
7801	14976
4727	16066
2423	16339
1743	16334
6263	10058
4820	13382
7516	12177
2057	18185
469	10510
1138	12370
5434	16162
3450	15379
8279	15671
1541	15971
6409	11154
5262	15661
7299	10802
2494	16118
346	11568
4774	9511
6160	13843
8277	14965
7156	12383
6485	10108
2150	14994
11	10831
4945	10388
3609	18109
3694	15597
2509	18082
8683	17858
5310	10039
5476	12268
425	14066
211	13476
3995	12411
7478	12006
4406	11911
9046	12876
6627	9944
7155	12737
8875	18010
5596	9902
8209	17644
711	18053
82	10292
7357	14019
556	11247
8379	14848
8023	17489
3607	13440
656	9776
4470	13073
4370	10844
180	15163
5944	15026
7782	10701
6708	11088
6656	14071
7700	15469
7479	15947
7450	14364
7223	11498
4680	12450
4874	17966
8201	9530
6980	15898
2690	13933
5070	15271
7248	17500
5488	15364
2671	12187
8571	16622
5249	18102
3716	10076
2921	9804
1711	14295
2897	10530
8458	17069
159	10170
7532	13016
6870	12512
6209	16454
1013	13210
758	10094
4732	11070
1293	14931
8291	15886
559	11866
492	9608
1949	10785
2412	10336
1084	11092
908	17859
7252	12048
1320	10028
4830	15102
3608	15207
2094	15170
4285	11197
394	10910
4043	13026
7391	18149
862	13232
2473	11347
3894	13955
3810	14000
4160	14209
984	11984
4471	12344
5880	14815
6993	12542
864	11715
8336	10635
3511	14474
8723	15636
7234	14819
5689	16504
5659	12933
5420	9198
6313	18127
608	9835
5791	11057
5030	14983
1004	10074
3014	12110
6711	17056
3520	10787
5628	12352
8654	14579
3987	14173
1207	17540
1819	9808
4143	12744
6219	15629
8446	14255
5606	14058
4823	17849
6056	16820
3977	13828
8533	17971
5537	17556
2712	15494
7448	14678
8640	16886
6202	10256
5533	13684
784	12487
7059	17448
6489	14880
2872	15523
4354	10995
632	12042
4315	9598
4138	13755
257	9525
8541	10770
8142	15572
5936	14417
8974	11976
8067	9520
7988	17405
2699	9571
6057	15528
7523	10045
3687	9882
3949	13447
3210	12494
2731	10870
325	12741
798	14633
509	9371
7757	14167
7619	17875
3050	9839
4306	15658
0	13907
2898	12653
7616	10828
3362	13953
8681	14542
8801	13499
5686	13712
1030	12396
7079	12062
4410	15351
2565	13028
8515	17920
3428	11514
1485	11861
2320	12015
2382	10987
1799	10006
8650	14597
4937	14193
7322	9660
2925	16922
9127	16160
5958	17462
36	13619
3933	10854
6569	16408
6847	17041
4970	14812
7141	13242
7136	15177
7589	15756
6048	15072
8882	13994
5374	12073
3112	10456
5956	14028
2122	11263
1772	16099
7400	14786
2607	15726
1023	13997
6696	11698
6308	16488
3600	9995
5091	11527
6192	13921
7995	14128
5453	17403
1828	13752
8712	15452
8259	14832
5710	17851
2230	17593
4664	9565
2639	18016
7144	10893
2258	11053
6401	9925
6539	13368
8850	13192
8254	18057
5828	11724
152	9973
4237	13248
1783	11658
6453	15061
5703	13603
7118	13378
3203	15006
3876	10357
8143	17033
5620	14624
6666	16874
5435	17975
2526	9585
48	12010
5551	18247
7188	15809
2683	16548
6545	14956
4412	13403
7090	14502
4993	10381
6697	12399
1769	12557
1257	16429
9154	12208
3477	17142
8215	12862
7727	14960
910	11031
3092	17771
4140	17718
2948	9896
5549	10660
7726	16863
7023	12097
7239	16829
2854	14119
6926	15174
8239	14595
8866	17220
720	10644
2181	13657
8214	17317
3047	14836
2545	11408
7792	16210
1535	17425
329	9467
6721	14853
6995	16797
1837	9546
1366	10215
3434	10100
3117	9385
5818	15892
3935	14661
5020	14820
8742	17390
8172	12840
6374	18143
6775	11610
3201	14098
8772	16749
7840	14415
399	11130
6962	13795
1136	14988
6231	12250
706	9773
6203	9324
1307	17819
3303	16461
4668	16292
730	10161
961	14989
1889	11604
7804	12075
4230	17127
6850	14068
6276	13521
5214	9500
418	10989
7175	15447
1203	10698
4451	13649
3141	13632
4458	16443
6072	9559
6148	14334
5032	11517
8197	18029
2944	12365
101	12908
442	10926
5367	15313
5322	14604
9065	16718
7685	13851
2646	11735
3225	16386
8348	15931
2541	9483
8731	13958
8381	9784
3557	14344
3945	10779
2816	10759
237	14145
1289	12359
1556	10597
5534	17331
4461	16737
9063	12249
7768	17083
2275	16048
6307	14824
7831	15064
3757	13613
5081	17256
1786	12178
7115	11391
4713	17337
4569	13520
5613	16148
5057	11195
3197	12913
8596	13055
6436	16136
6380	17839
5323	15891
8886	14768
2486	14733
831	12446
4533	15741
5317	18054
7176	9568
5950	14999
7427	18175
622	13987
303	17954
6959	10850
8610	10236
5822	11495
4089	18136
4073	11387
5612	14632
5054	14882
3243	18213
1399	17439
4503	12298
7537	10414
3069	9422
7665	12169
3710	11034
2279	13947
3971	15709
8537	16308
7069	17793
5532	14639
1008	10556
8922	11511
4651	13250
4202	14459
8464	11212
3496	12299
4281	17120
7753	13960
3844	17090
8352	17806
1022	15899
8827	17134
7713	14195
4886	16794
9076	17310
5418	17182
466	15935
915	11258
4496	16628
5709	16262
2750	15471
5375	14378
8631	15610
3574	12259
2375	18217
689	9166
2700	12126
5461	18101
5654	15939
268	16103
8510	13323
3373	18289
4904	16259
8138	16781
5786	12291
5003	9309
3725	15032
1429	16087
7692	12807
4322	12101
7064	16530
8500	10375
1221	10000
8472	13995
1525	14147
6420	16843
7694	15025
126	9705
3955	13523
6854	14553
4378	15936
4918	16527
686	10323
4433	17443
6433	14667
2332	13911
8394	15622
5407	13623
3673	12333
1585	16326
804	12624
3260	14805
2047	17168
626	14161
3824	17967
8475	9464
1650	9900
2392	10782
3310	13444
5697	15879
2623	12087
9125	15651
6614	11966
9016	15361
3286	12967
4516	15330
7549	15435
4575	10820
3125	13233
3797	13721
1981	16771
5256	15484
1306	13750
7201	10432
1176	10582
7936	16710
7163	16156
1049	14317
7614	17597
1959	15068
6282	12897
7912	12469
4375	11382
5278	17655
5778	16768
5963	13136
5680	17118
2806	18013
3028	9603
8557	12947
5756	13697
3880	17841
4841	10392
3954	15106
4347	12920
2937	13759
6840	12082
5133	17899
6651	17121
1195	16681
690	9865
575	9838
7460	17799
8642	17518
245	13505
4634	13229
5600	16881
3448	14616
5031	9624
7914	17912
3792	15001
3405	14935
6348	12976
4965	16813
1671	14484
1527	13478
3317	11623
2356	11827
1616	14223
7554	14281
1813	15094
5351	15318
5222	13377
8180	12660
2660	16801
5389	14200
4318	12919
5370	13864
8776	13884
6386	16674
3568	14493
1218	10848
3244	9904
1127	16495
5899	10254
6580	13318
749	15275
696	15432
6951	12986
2551	11345
5708	11803
8129	17068
8718	16629
6373	10948
8581	17074
3994	13578
1026	16483
276	10569
5014	16342
3536	14790
6952	15942
3980	10507
2305	12170
8181	14215
8099	14934
589	17272
7220	15005
2889	14650
3063	10549
2343	10281
7962	11768
5976	16702
640	11772
7813	12227
4523	17722
4182	15872
675	10241
1378	17445
3777	14489
8675	14294
761	9266
7384	15568
3305	11228
5815	13273
4420	15418
7082	11615
976	9209
8985	16524
3744	13517
3330	9450
3478	10724
5696	11096
4754	16597
1057	9519
8300	11635
3054	10151
2635	16319
5227	17759
6561	13312
4932	16299
4624	13124
3488	16582
2210	11614
7340	9168
4056	10212
3974	17832
8506	16920
5399	12480
2362	14228
5318	10461
7810	16599
5348	15349
2111	12517
1557	12878
4743	13327
5179	15505
7598	13541
516	11642
2254	10903
8721	18001
8454	13054
6855	11629
5357	17642
404	15679
5006	15592
6172	18000
2762	16237
5959	14540
5933	11763
357	9858
6516	11599
218	16074
5573	15768
2792	11191
9044	16407
2263	14013
8469	10370
3940	13161
1343	12327
4480	11452
8127	15970
8256	12930
5292	13317
1699	9312
3070	13145
1991	15616
4353	9997
8568	16500
2084	10726
4449	17146
5740	13297
7824	9366
1359	10924
8645	14932
7422	10837
8276	12026
663	16045
2136	11487
6360	13944
4717	11463
5168	9887
3087	14534
1070	12350
5094	11675
6366	9696
3223	13878
2932	9906
8420	18084
3220	9586
4121	16321
5725	16268
5175	13043
5511	17913
9053	10099
453	12256
8055	15015
8326	13321
7638	11072
2505	11967
1038	13068
3422	11575
3295	12290
8460	13288
1839	15303
1179	13898
7852	13896
3445	13694
3801	16432
833	15916
2974	14968
3942	9697
6026	12581
648	9889
438	9941
6255	11166
5028	10953
5587	11314
7634	13840
6440	17388
3158	14219
5718	11823
9054	17286
1630	14422
6661	11638
1389	10274
4359	16967
3934	14527
5834	16753
5235	11801
1821	13285
3606	12543
2221	16024
8081	17094
8418	15047
3565	12550
5748	16929
8511	15035
6846	11983
5021	9703
2429	15663
3413	12841
4725	12419
5556	17228
4793	15388
6616	14857
8409	17619
5342	13767
816	15483
7128	16965
1011	15386
4439	9653
4767	18240
9123	16046
8203	16691
5637	10289
5994	16892
2381	12215
1963	16414
6073	9535
3114	14872
8935	12099
2923	12577
3877	9604
3702	16345
6416	11379
2902	18004
7721	15500
292	9633
2365	11904
8986	14614
3313	16861
530	13757
4348	17369
6925	16905
4888	12825
3020	13311
5731	15740
7629	13961
8799	16069
2600	12943
3904	14131
488	15621
3110	14425
4553	9627
979	11820
7998	11521
3515	16075
2868	11845
7256	13928
5015	17807
3796	13290
5790	14520
948	17365
8431	11945
8883	13349
4709	14144
2430	9698
1087	9460
6802	17543
1645	11404
1886	12939
5281	12974
1927	11002
258	16579
5676	10935
3458	15779
4627	17292
1700	9189
4531	14187
1318	14383
1409	9740
9122	12612
9056	13663
2121	11317
7481	16388
3523	12397
2298	16890
3194	15930
2157	15915
8167	16869
1493	14565
3646	10002
8701	17713
2676	11462
2126	15375
7445	17222
4534	10194
8929	16908
6029	13533
3493	15678
4193	15771
3052	11260
8717	15903
5099	12700
9018	15164
1665	14727
7126	9639
2264	16113
6503	13333
1122	11793
6356	14844
855	10263
1002	12965
6591	18011
4631	10958
3595	15058
4620	12721
3902	11455
665	13001
8577	13435
6332	10495
3818	15625
3254	11081
6741	15235
5042	11996
8603	15161
3559	12245
5692	16639
7049	13871
4327	15335
6290	12880
3043	13692
252	9849
7645	17525
5650	11494
2082	17352
2306	16126
2033	16257
4392	18290
5280	11113
4296	10821
699	12314
3451	14629
3403	17711
8133	17279
1633	15142
2653	18266
4564	12086
6393	12999
4284	11143
4728	16541
8516	17844
4358	12966
701	9388
2328	11264
4495	14734
7402	17057
234	11496
1163	13218
7285	15614
7231	9729
7332	17131
1609	17501
1348	10548
8033	12773
7604	13015
5446	15186
1979	11027
6461	16546
1063	17883
7811	9738
3951	15967
4554	15409
7788	9981
4213	17232
1135	17900
3081	15346
818	17494
1100	12286
7817	18249
2815	11196
1792	17956
4947	9579
6739	17037
2313	15937
1167	11150
9133	17533
6279	13905
6452	16315
518	14533
8992	13602
7204	15429
1234	13852
8120	9801
7396	11962
9080	12618
7805	16659
8174	10894
5237	17241
5557	12204
5871	12410
4134	11438
528	12645
3931	14141
7963	15739
2798	13655
6094	14191
4311	10614
6298	15555
3320	9410
1353	17150
9112	14854
5574	18221
5516	14666
1897	12796
8520	12302
5832	14256
5837	13406
3735	9448
7635	13352
4019	13720
8052	10123
2024	11818
2138	12665
1463	15855
1144	14222
7667	18126
8538	11370
872	13978
5800	15140
6644	13939
2590	12054
4238	13376
2969	17720
9088	18254
6157	17359
8242	11205
4489	11970
6281	15201
764	11374
1913	9987
7599	15421
6621	17089
4302	12668
1611	11050
1639	10462
5075	11532
662	11886
395	15838
1904	9471
945	13547
7948	17357
4908	15332
8405	17538
4078	9226
4752	10297
3247	16489
3764	18146
7125	17685
3120	17060
8364	12175
2764	11842
6642	14439
8838	12870
7921	17042
5925	9378
4070	14738
5187	13815
8796	14516
3854	13438
5167	9359
5018	14743
6533	10221
2209	10739
8351	12888
1565	9948
5425	9365
2440	14272
3550	11093
8093	11474
3008	16399
8230	11806
7717	16097
8989	15367
3659	12861
2675	10124
6719	10717
7949	16757
1902	11669
371	13079
9150	17706
1658	13389
5371	17675
6003	9955
8152	12235
2483	15498
7268	10189
2946	10321
6577	10888
1294	13725
3126	16417
173	9846
4946	13010
5666	17409
2369	9218
7944	12626
4255	12273
7339	16174
61	14749
6587	14826
5521	12936
6893	12850
6572	13445
4341	10128
3233	14110
2185	10402
7280	12014
5346	14816
5469	11956
5701	14046
1379	11119
1336	13783
1420	11306
6916	14752
8252	15529
138	17790
2971	9556
1698	13674
5471	12266
2171	12794
4448	9958
334	10498
2268	16287
348	17614
7071	13489
1558	17040
5673	11910
5605	15119
4863	13781
1594	14370
8491	13546
863	9683
8819	16918
3079	11855
8062	14092
3294	10044
6534	18244
1350	18005
4653	12434
5649	10595
4082	16919
3394	12615
1621	16133
5231	12012
5705	11800
8339	16425
5702	17991
3314	11776
8444	17869
4981	13524
4346	11049
476	9688
6265	10872
140	13422
6	11857
2656	15862
7081	14205
5313	16592
7359	13830
4924	9929
5298	11138
7558	12640
1642	14627
5579	11141
332	12189
9091	15628
3851	15900
3959	11647
5049	14747
1050	14002
4567	18098
7994	17963
900	15178
5590	16000
1985	14900
6867	12035
7551	15159
1476	16158
4572	11850
8591	14444
7393	11865
8241	17300
5518	17214
5419	14722
2067	16095
7679	14823
1245	12902
8155	17696
8495	16888
3915	14582
8987	13706
1785	9903
8634	15738
8240	17960
4688	15293
5723	12533
3046	9595
3248	10295
8585	10220
5888	14716
3834	16697
8761	15430
3763	14275
8671	18061
2117	14504
323	10138
5236	9664
1745	10467
694	12241
1422	13630
667	14846
8579	15519
7009	10616
2614	16361
569	18189
8667	16880
8412	17148
1441	14682
4515	17454
6578	10853
4037	11046
428	14496
3677	16291
2120	13900
6430	12616
7324	15511
6722	10691
7472	14198
7040	16176
5125	17123
6729	16858
5259	14309
1919	10914
8979	16499
1503	16515
4104	17008
8076	13811
1859	16481
2672	10973
406	11565
5273	10822
8722	17014
7887	12818
3998	13208
8817	10920
871	10728
4560	14387
5803	17730
4532	11586
5644	12130
6698	13457
6115	10949
7597	17155
7951	17943
943	10873
7458	11522
8621	15697
670	13648
4832	9629
8736	16169
5144	10877
1664	12544
3591	10003
4707	17189
4998	11219
8702	12422
2438	11936
6586	9932
3271	16774
219	17213
1583	16627
8492	14089
7174	13099
3759	10497
7528	16062
5086	17824
6842	9677
1867	16694
5568	13169
1680	11259
8952	18177
5156	11449
454	12338
5677	14196
3456	17580
1697	11409
7541	16632
8004	17327
7074	11134
5735	17362
1114	10972
378	15780
7088	15617
5614	18268
494	17343
2736	17265
1031	17505
4491	17719
3491	14757
8088	16278
372	11863
4610	14594
1822	16969
668	14756
748	14051
4571	12604
333	9781
8778	16800
5163	14014
8771	16021
6808	18276
2915	13985
2982	15538
8597	15561
731	12530
2959	14793
1449	9766
1283	11572
1411	15477
361	16511
6275	17267
5682	9754
3887	13525
8234	16420
8466	17370
2780	11913
848	10394
8306	11316
5430	14847
6769	17116
3895	15831
2840	15867
324	13128
7695	16165
5350	13596
7467	15329
6649	17561
4404	9635
2097	11071
4369	13570
920	16663
8419	12004
385	17098
3420	10579
6086	9162
8860	12823
752	11311
6146	16011
8503	9302
3284	15301
5879	13636
8144	9684
7306	15580
1185	12699
8918	9569
8809	15878
1646	14801
7929	9453
8849	16762
1760	10733
4292	18307
131	12684
830	9909
1893	17648
9077	12377
2652	12269
539	16806
4772	14523
7290	13371
4396	12243
6264	14115
947	15786
3521	10804
5230	10309
712	17781
9132	17674
1062	14464
2485	13102
9034	13595
3441	12166
2038	16752
444	9871
2918	13291
6165	12639
4313	16476
12	11593
8878	11902
4862	14898
2480	16044
5569	9255
151	10172
4192	14777
3356	14345
4091	18322
2349	13375
7762	17570
1652	16575
5890	15456
3490	14814
8347	11403
8193	14251
6240	14279
5183	12077
2883	10629
4912	14455
3819	18182
4275	9547
8304	14405
5408	13691
4210	12657
4330	12822
1732	12417
8196	12940
3083	10676
3973	14996
5494	10735
3176	13821
8340	9428
5679	16547
1376	12646
1121	13981
4766	11126
6413	15149
1096	11244
9074	15385
3311	12071
3329	17872
1287	10057
8678	13818
585	10443
2953	10310
4637	16255
3107	15589
1255	13065
7620	17088
7282	15208
1193	13448
6187	13594
3943	11944
6470	17514
6194	12787
1412	13679
5188	16196
5071	14211
1878	14418
7714	15873
95	17384
6709	10640
3533	9404
6151	10539
5327	15537
7148	15377
7058	18012
3122	11889
2677	12401
2481	17673
6013	13807
4422	10040
5344	12907
4890	13439
1545	17632
6415	13941
2065	10643
8943	17115
8383	18067
617	13929
1727	14720
287	10645
684	10673
3578	13628
269	14501
1263	10286
1631	13320
8959	11377
2108	13468
2397	10319
5904	10460
4584	14980
6041	16055
148	13315
1344	13680
1160	11120
1844	15645
944	10874
6974	16764
4068	15107
3575	14977
4811	15642
1643	16088
7318	10261
2207	13979
27	9402
6583	16839
2253	16303
879	13194
2895	17680
51	11748
3454	14919
121	14598
5969	15782
8939	13155
8521	15414
6638	16522
2789	13364
2697	11525
1474	12282
2331	9619
3912	9271
8084	10654
3788	10305
894	13314
2475	9652
7908	16978
23	17097
1109	12114
1371	13050
1445	13275
6717	14970
3061	11838
1812	12330
2939	9170
1634	10043
7825	16514
3037	15827
4232	18210
1206	17901
1417	9836
4142	10262
7564	16475
7385	15333
5315	10385
7437	16019
2845	10376
1995	13765
1254	13530
4875	14590
2380	9277
1937	12435
4757	15567
913	12108
6897	11299
7087	14347
1222	11366
3283	13730
1077	15889
8456	13380
2552	11086
7371	13107
3461	18301
5265	15991
3593	10843
1726	10059
1569	9415
2732	14040
4032	15405
3205	11975
2772	17274
1884	10880
1483	15422
5173	16805
1015	10085
4465	9331
8303	12934
6513	9763
4323	10087
7356	13030
8820	16555
8842	11994
9059	14732
3307	15631
5704	14642
3692	13916
2864	10135
599	10968
3226	15766
2904	16981
6259	16418
3016	11713
8344	12821
4828	17915
5510	16766
5545	15037
1432	16906
4442	13485
1653	16502
8911	16316
2081	15764
2	12353
6152	10308
1438	17660
66	15762
264	12764
8639	16261
6271	12842
4895	10969
850	17488
2718	13434
3620	11537
6873	14037
7492	15585
7586	14372
3080	13936
7568	11769
3135	11900
7859	10536
1975	10306
1612	11502
918	14794
3216	17628
2570	11190
2454	9456
4108	17763
5906	14525
6462	14626
1047	14593
8971	12983
4586	15273
4723	14881
3048	14563
937	16844
1462	9409
8633	14001
6296	13615
2164	16926
2522	15228
2893	9206
6175	11854
5916	13889
3691	16376
3191	9553
9090	9780
3838	10299
2470	16531
955	9322
4023	10744
2860	14791
6838	11895
1473	18212
6799	9323
382	11744
1773	16552
299	11309
3182	15861
6070	18211
7567	10379
834	13951
7660	10970
4601	10747
5761	16897
8380	9432
2407	12089
7797	9782
7864	11971
2954	15943
8032	12220
6256	10249
3151	12790
5073	12472
8392	11348
7881	12437
5942	16618
8378	17786
3671	13182
8204	11790
2292	12247
100	10088
541	17825
2225	9957
6120	14451
1811	13021
2062	17584
6914	11798
4984	17742
2916	16748
2092	11443
4397	10278
7456	14424
7907	14003
1740	9945
4577	16249
1374	13056
7711	16129
2095	11100
933	15108
2266	16956
5248	12025
5860	16669
5536	10783
1060	18248
5988	15927
3309	16192
8018	9956
2508	14081
375	16723
1247	13912
2791	10819
8069	15960
6924	14178
472	18087
5685	16776
8301	16529
7794	15757
5078	14646
8200	18172
5867	18261
2743	11912
5543	16211
5674	12922
3967	13862
8471	18028
2029	17746
4745	15558
593	9493
9037	14581
2460	10082
3778	10719
7964	12144
8592	11755
1689	10421
901	16093
3750	9263
6445	9437
4678	14765
8171	15512
8679	15731
6512	12381
595	14975
6211	16598
1887	11189
49	18285
5912	14774
441	18231
4355	15373
7203	11324
8274	14884
904	14057
6193	10706
624	14748
3277	18088
1116	17895
5199	14671
2116	13587
5172	14912
3861	9864
6982	17453
4418	12236
5084	12769
5264	15261
3946	12594
3852	14426
4105	11103
1220	10287
4127	11210
3299	18021
2742	11032
9113	18170
2899	17062
4337	17348
7640	14042
6898	16135
6258	12772
6737	17258
5947	16397
5462	11693
5930	14913
2928	9620
3752	15812
884	11169
3537	16736
524	10670
226	10113
215	9921
3000	12663
4239	15888
5120	17397
1793	10142
4719	13621
7507	9611
4478	9863
6860	10792
5228	10365
878	15704
2659	16367
1450	12527
3518	10474
8293	12679
4133	16850
8560	12575
450	10104
2960	11722
1567	10603
3509	18237
7245	16117
7657	10918
3679	9974
1431	13293
8112	18130
2350	14963
112	10359
2318	17808
2758	12605
1260	10624
233	11482
4149	10518
5380	17864
1315	18155
4116	17909
2482	10442
167	15126
286	9425
4152	12946
3229	17242
5724	10410
4376	13399
1264	14700
1035	11172
5858	18323
9064	10404
2774	11925
2642	15141
3497	18079
2402	12392
641	10101
6038	13932
7853	15543
5758	15173
7430	17262
8179	15708
52	10773
2622	14807
2820	10009
2434	14681
2973	14323
7682	17318
3364	12688
2848	17351
8273	17412
692	14163
6553	15057
8385	13156
2581	11435
5984	16188
8507	17750
3686	14545
7416	15774
7024	9190
899	14588
1239	12064
822	11714
158	15229
4263	13627
3051	12369
3774	14739
5715	15849
7863	9563
1968	10806
2604	16090
4388	14706
249	14691
7383	16270
6757	13704
298	14454
8024	12471
7129	17555
9137	16666
6620	16683
7265	14647
1863	12185
739	9816
2539	14061
3185	18156
6537	12995
7610	9709
1830	14047
8775	16452
6476	14731
1261	16823
4929	15747
760	11951
4943	14973
368	17498
3731	12395
1251	15565
314	9333
5460	17465
6573	16312
6324	17161
7789	16756
7003	14351
6813	17542
2366	10954
3798	13872
4916	16433
500	17217
4770	11271
860	14246
5100	16503
5851	14010
7754	15997
2707	11513
9116	15746
4718	16566
5588	13853
3406	17053
2536	10198
433	11266
8474	12625
4578	15727
4633	10346
1194	13304
8031	13221
2846	13869
619	11670
9073	14921
439	16834
8391	16613
6031	9236
8528	16076
4021	14244
3738	11340
1363	15864
2591	11445
1472	12320
5850	14247
1426	16415
1994	18128
4113	16470
1523	12218
8374	17207
4991	15121
6999	18286
7255	16395
4755	9676
6685	16936
255	11313
630	15024
3665	12329
7590	10901
5405	10282
6705	13910
6522	14781
6564	13555
8686	18197
6345	11341
5306	15065
7076	16706
4826	13528
6196	13683
7626	15195
2962	16177
5161	13451
9118	12173
2009	9665
4119	10422
7890	15029
2256	12036
3331	14004
7591	17427
312	11066
5181	13607
9136	10687
4617	11815
1310	14412
4782	13600
6212	10061
3095	17255
7956	9574
6248	18037
542	13699
3026	11709
6260	17643
6904	13876
5999	18086
3855	14264
1082	9671
951	10768
2017	11960
812	9203
4646	11406
8779	15398
8305	14760
744	11719
858	13183
4545	12857
7978	13577
6706	13168
5804	17818
766	11810
2947	14060
2139	10206
1346	16902
7649	11187
8607	11754
6063	17987
2383	9843
6973	11233
7057	12595
2822	17740
5594	14049
4005	10829
5970	12280
2049	11414
1408	17520
1916	11941
5206	15027
4236	10610
5951	13629
1088	9446
3033	16859
563	11943
1705	17289
6144	16735
4573	14210
4950	13354
458	14886
7548	15097
5043	14388
7298	9803
8015	11302
9139	15832
1326	14852
3186	10533
1281	17772
3410	9827
2730	10869
9103	16519
392	12379
8615	15752
446	13647
8673	17335
4208	11423
1447	16840
7996	15640
4099	14695
6443	13908
6477	12323
8487	11073
9022	13219
2395	12292
1158	15718
1428	9605
3249	12374
1676	15180
7556	17801
1849	9356
1208	12578
3068	14494
6061	13277
443	16214
3908	13998
4360	9742
3261	10908
1686	14433
5535	9828
7113	13495
142	9171
5290	13984
3928	10933
4029	17705
8323	17529
3743	10652
3516	14618
8554	17795
289	10409
1900	14181
8001	17095
2794	15513
5540	11540
7208	11596
3584	12263
6704	15153
8535	12223
1051	18191
7630	15887
400	10642
5948	15191
4690	11710
3583	12262
6065	15836
4986	13120
8130	10450
8366	16564
2110	13949
6707	14918
3950	13775
7775	15419
7066	11499
4693	13411
7731	12182
7729	10525
6830	13449
2610	11483
1097	13848
7533	16879
1619	9767
330	17153
5877	12614
4501	16590
1802	9622
2010	17530
34	9180
4416	10146
8848	13204
2339	18142
2589	13534
503	10391
6336	13003
5844	11451
3635	12526
5826	17617
1627	17364
2502	9689
6047	15402
1814	13004
2801	12065
4090	14395
7162	13545
885	16602
3921	12085
1133	11510
4216	17788
1915	14987
6306	13573
8914	9338
2569	10399
6414	14126
5595	16434
8751	10190
8017	15695
7418	17048
8165	9444
379	11774
653	13753
4921	14644
1217	13345
5178	13784
6994	16750
8858	17952
5492	13193
4475	9877
3794	17034
5053	16516
2290	10451
2284	14903
6584	16772
4361	16469
4824	14917
4472	10284
8	12362
227	16344
7918	14763
1789	13842
5431	9176
2107	16591
7538	17201
2847	11563
5321	13829
6920	12710
4438	17984
7776	13174
2649	9840
373	15010
8996	17163
6814	13418
2020	14539
4049	15451
2416	16207
8075	16198
8217	16288
3670	17407
403	11872
4441	16155
9027	10078
5753	16112
3282	11005
7415	12270
2288	17179
4961	9390
5615	14721
8114	15545
5402	10166
8549	13398
3747	15896
5646	10758
2795	10018
8666	11989
9038	10181
7464	11804
8189	16973
5519	10430
2548	17010
2755	17389
2378	12295
1414	12001
5810	18044
4170	13454
9157	11739
8243	10686
5459	16580
63	13413
1758	14972
3118	11884
5165	12714
2686	16459
3012	15417
1131	11654
917	12662
3993	16493
8014	16889
7573	13076
6823	17842
1365	11075
8802	11165
8041	11807
6655	11645
1048	16145
266	16745
2906	9389
6068	16393
6810	9426
5309	13118
7961	17136
2497	12749
3108	12304
2421	11413
7499	13017
1288	13622
8225	9670
4594	9814
8349	12968
1384	16049
5745	9727
7274	17492
9126	17571
7806	17248
5046	9721
1741	9430
9051	15951
2882	14770
3156	9879
224	11354
2069	14904
1352	13642
5445	11571
9105	14861
6081	16619
5857	10148
2211	10777
3350	11751
565	15639
7465	16173
2293	15363
3045	13653
5093	15712
727	12192
6761	16864
7857	16468
1715	11287
3836	16304
742	10275
806	10031
7133	17599
677	13063
612	13037
1364	9219
4604	11026
344	17616
5404	10265
411	11651
4671	11767
477	12687
5539	11036
7197	13047
3545	13865
6562	14751
1716	11492
7336	11894
8107	16077
5585	16987
1870	10811
893	9694
6988	12849
1437	10896
4125	16072
6251	14084
3535	12777
7957	15506
1848	17046
4048	14676
4147	17553
4726	12658
6768	16851
6619	13606
3814	9369
2262	13834
3076	18068
9109	17270
8899	17013
6006	16648
6824	13926
957	10012
2849	11653
5448	10974
1482	15359
678	12564
7435	10524
4958	9668
8745	17884
4430	17945
2521	10119
5372	13866
3147	11148
839	12743
2553	14471
94	11745
9078	16848
2999	13968
6357	14652
8476	14822
6408	10353
424	16428
856	15444
3892	15018
5849	11964
5114	14286
7212	15485
2389	16537
6732	13072
6455	15773
2784	9805
2566	11716
1738	9403
2587	14232
590	14220
2844	17679
7876	10658
7004	17441
5048	11284
2251	9876
1250	11711
4570	12206
4272	9465
7152	13506
7760	18288
4273	13295
3722	14237
7982	13452
7417	12328
523	18031
4381	17326
3279	17156
6653	18160
2301	11221
576	17567
4047	10584
4660	16080
374	14446
3332	10517
6646	12915
3625	14401
4429	13661
5830	11659
7577	13956
7755	12735
5108	16423
3204	17946
6981	13471
842	9994
4884	14118
1868	14713
1187	12009
4666	12257
7266	13769
5154	11248
2510	12412
9050	15406
304	9438
4034	12642
4729	9844
7561	17005
6293	9583
4954	10366
8758	17211
7778	10826
8365	18123
7042	14430
7759	11480
1259	13437
762	9488
4632	14660
7211	16512
6866	15136
4386	11530
8423	13227
1795	10807
4443	14324
685	9992
339	10514
6913	13100
8936	12375
7226	9632
3891	16578
4357	16790
352	11426
3870	13733
1468	11601
2026	12601
6358	15859
2886	11415
4548	14214
2703	12736
8414	9758
3154	13886
5941	12020
7199	17086
2091	16826
7560	10906
1297	12801
7094	16406
7899	11993
2457	14165
8465	15056
536	9647
8919	17572
3906	12518
9045	15854
1939	14379
3701	15759
1825	16492
3257	10791
1316	14090
8478	13703
8395	17958
2640	15803
2520	14107
7693	10812
5780	11444
5341	13959
8995	14648
9129	10581
5101	12161
6493	17511
4365	11628
1817	10648
2746	11923
71	14359
1290	10354
7250	18070
2345	15031
5141	11325
8941	10251
3206	15623
6266	15578
3585	17698
8729	15516
7515	16482
470	10588
493	17745
6970	15231
7110	9239
7618	16585
8705	17271
8335	16688
8139	13222
7441	10479
1177	12839
1118	9746
1865	10980
1205	11652
32	15188
3288	12044
2723	9541
7253	17716
7498	16871
7850	12324
6234	14226
7216	14885
4825	11231
3507	18169
5985	12547
6742	13742
7965	15044
4364	9884
4247	15504
5945	9207
7227	13240
8249	10016
4384	13137
2244	13756
8356	16741
735	9881
7550	11043
8714	16791
7894	16035
2442	14428
1228	12265
6555	9764
8221	15369
5102	11890
8573	17353
5201	17299
4231	17880
8934	18280
3897	14699
4114	13401
4739	13325
2638	10419
3504	16253
1475	9243
4508	17323
8831	10014
7249	15876
725	12199
8942	10771
7093	10311
8229	17215
4062	17061
4677	9463
5641	17911
6326	10362
2297	10558
8587	16777
7505	15262
5683	15684
7408	11507
3267	9289
9031	13132
2052	12069
2424	11821
6654	16442
7158	12193
40	14186
838	9544
2507	16201
8426	15315
6633	15826
7938	10126
7576	17221
5213	16901
2106	16505
2783	11038
5072	18269
1166	11398
1873	15226
5336	14800
6288	18144
853	17259
2564	10575
5005	9659
6049	13633
6662	17072
1879	9350
1903	10550
5224	13927
8268	14194
2609	17765
985	16276
5599	14910
7917	13066
3312	13300
2531	9638
6723	16107
2005	16900
2289	11283
1124	14342
194	11164
419	12911
8651	14675
4775	13355
1341	15020
8727	15654
1464	17827
6571	15544
2144	11592
4519	16792
8337	13650
5189	10280
6689	15720
7323	10296
4270	12404
293	9339
7482	14377
7275	15312
7779	15848
6798	17507
1117	16405
2073	15267
7807	14705
6894	14171
422	9613
6887	10553
4063	12954
5935	15742
7530	16441
1041	15224
2393	12495
343	17513
5200	13707
7346	14321
7192	12190
136	13391
4763	12760
9146	15473
8101	13252
163	15420
6684	17964
6849	9362
6911	11074
2738	13711
6780	11122
4549	13937
6208	12925
7214	15437
5436	11611
6872	9724
8630	15181
1126	12260
377	16498
8194	9529
8891	12514
5128	13572
3619	13052
4528	15897
7432	16154
9030	15124
763	10964
1559	11344
7131	9731
8660	13350
4055	10004
7395	12711
5656	12493
265	14981
1246	9548
1763	9455
6950	18106
7181	16366
5655	17861
7224	17654
2704	11545
7989	18060
602	17594
5234	15973
8091	15045
1231	13091
1729	16878
5964	16996
5223	12385
578	18316
8957	18120
3072	13678
1375	13234
8308	17356
5486	16517
2825	9245
421	9907
998	12528
8672	11920
7708	10054
21	9223
6179	12288
2625	13766
2003	13496
2360	10398
3084	9597
2257	12501
3978	10140
6328	17609
5630	18039
7494	18133
5190	17191
5088	12814
4517	17753
1446	15392
7641	15980
9006	11106
4444	12712
4901	10272
7206	18033
3914	15326
1717	12553
8079	11864
45	10743
5118	17021
8797	18113
6423	14908
2516	12950
926	15213
2934	11730
7438	14984
2827	10796
2291	14718
5854	10490
3884	13976
1924	15255
6672	14944
5513	13111
519	11887
1104	11832
2976	13676
6923	16240
6856	9895
600	11616
3632	10051
2766	9923
6305	14509
1794	16398
273	9787
6819	15129
7475	16804
5848	9452
7741	17216
529	11223
2518	9296
3548	12239
2283	14225
1917	10892
6479	14366
8755	10711
6274	14617
3927	9560
4546	17314
8027	13728
8440	9264
6456	15540
396	14517
5403	13885
5307	17855
2606	15172
5798	15214
3292	15046
5095	13620
7300	17067
3237	15179
6949	13247
198	12150
5840	10960
754	9842
2785	9732
6465	9397
936	9251
6399	17865
1296	16164
1982	12078
1734	17254
7992	16679
3531	13527
4989	10173
5542	13268
4711	17203
7655	16290
6350	9177
8590	9297
8694	12138
2657	9883
188	11590
3613	17452
6141	9830
5700	11689
3423	12349
7196	17128
7341	15212
6116	11909
4265	10147
5841	16243
1235	12690
3127	10022
3525	10175
3868	14600
3823	13519
5044	13579
7954	9857
6353	16038
8814	17455
5424	13013
4988	12565
5069	13351
7882	11504
2693	17117
5526	16731
1172	18298
5582	17854
5623	13409
5560	13058
8250	9558
7886	14384
3412	9531
6632	10513
6857	14638
881	11060
4694	10723
7451	17277
6853	17770
7688	17315
1479	13917
9072	17874
5909	13342
4983	16979
3925	15816
7896	13007
8564	13031
2469	13420
2329	9971
1572	10091
2334	10222
8145	15292
8262	11843
5220	15463
5415	12545
9070	9775
4520	15517
2914	17073
193	10380
4540	12740
2537	11637
3188	14663
1628	10611
7522	12574
6159	11293
5688	14114
906	15306
2562	9355
6640	17483
1872	18080
8977	17524
7631	12373
1854	12988
7048	13915
7099	11330
6142	9964
201	12708
5009	13012
4522	15633
2151	13466
756	9233
2247	14495
6077	16615
840	15371
5217	14753
4394	13187
4692	14596
5609	16236
6347	13237
8082	16991
5517	17322
1948	15327
3399	14080
7553	12023
2170	10594
8387	15465
7401	15493
4368	10683
7862	10143
990	17444
8730	11564
6210	16224
7897	11412
5391	10271
5721	14821
4598	14889
7178	13430
3612	14385
4956	10008
755	12511
398	9837
1688	13302
3865	15547
8949	13144
3002	17764
1808	10940
30	14526
1752	10544
6715	12636
3090	16787
1841	11552
1272	13425
5138	9915
8950	17668
2862	16473
2437	11508
1513	9164
7029	15281
3782	11342
5561	18006
2878	10781
3786	14893
8687	11789
8580	12311
1040	16379
2183	9199
6402	16754
4703	16084
9033	17024
414	14641
2803	9178
4716	13023
6036	15113
2177	10621
9004	15460
8659	10429
3610	15883
2970	14712
1922	14487
5463	11167
5209	18235
4681	17579
2463	14284
1424	17237
1275	13236
338	9208
2405	9946
4038	10378
535	9646
5066	17149
2530	15395
3867	12868
8980	15520
88	10075
5279	17755
1816	16094
3465	14204
2694	16082
691	14056
1736	14787
5115	15291
5103	18137
1622	12436
4625	9711
8916	17177
4892	13515
3633	14806
6221	11062
5592	12127
7247	16378
7748	11061
4036	9267
9104	13274
2124	11625
7380	15111
7134	12059
8748	10818
6815	16739
3881	15948
6352	13873
4839	13575
912	10801
8978	14560
1197	13639
7943	15245
8442	11953
6658	11795
6771	16814
5136	12207
1731	9718
2239	9377
1508	12081
5876	18072
8551	15664
3960	10855
2544	12817
800	11110
9095	18064
8292	15722
2166	11524
7540	15038
3822	18077
6690	12316
1638	14263
2484	10506
3800	14492
5479	9275
916	9489
2800	16228
7646	11926
4858	11304
56	10653
2875	12140
7669	16250
2326	14957
4383	17043
5338	11476
6384	9311
6875	11427
2451	11161
413	16067
8707	10756
8999	17610
7362	11579
7991	15120
7405	11395
6261	12050
1986	13319
4290	14011
7644	14499
38	10182
5302	11058
6527	14477
2655	13498
1905	11809
7773	16894
4399	12474
718	10922
3013	14532
7504	17486
2586	15665
4194	10702
6245	9926
8058	14307
6007	10878
7563	18273
7980	17269
2098	12284
6037	10520
7802	15956
5922	9747
6435	10626
393	12201
4342	14142
8811	17018
6028	18131
5769	18201
9060	17084
3552	18174
7292	12558
1519	14911
1157	10196
2058	11326
8563	15269
892	13500
3119	10585
5771	13284
491	17645
1091	14714
2174	9327
1685	14432
2775	16271
7766	16636
2499	11022
5334	10114
3474	12186
3555	11491
2426	12791
6427	10010
5839	15824
8739	14683
5706	14725
618	9998
8532	15078
4614	11681
7677	17627
3740	17715
3663	9938
7012	10433
3726	10846
3850	11439
6731	13299
4506	12462
1034	12641
7343	16510
2996	10839
8854	18138
3858	16928
1614	11557
481	15488
3462	9337
4535	17903
1278	11877
6024	12483
549	15425
3845	15593
8312	13180
7068	14156
3115	11016
728	15093
4234	11448
1574	13652
942	15087
5940	9435
7790	17983
6403	16831
5978	12754
297	17410
8134	15017
2455	10930
2075	9820
7847	14357
813	17734
3162	16122
695	9777
5726	12970
8807	17079
4122	17082
642	9405
1355	14843
1080	10815
8341	13286
7483	16108
7860	11318
8432	13658
4445	18121
2161	17697
8781	12727
5799	12347
1753	17773
165	15324
1632	15634
2238	9810
726	10144
4081	11667
3196	16647
852	15495
4930	16320
5411	15788
4510	11360
6900	9383
6018	11868
3414	16391
3321	11471
3938	12859
2853	11732
4720	13338
2044	11083
2728	16385
8271	13887
2492	16722
1659	10228
4948	11538
4667	17002
2286	16005
7242	11253
5010	17531
5295	18014
263	16225
4611	13201
6594	15440
4069	16455
558	13424
7296	14895
6953	13141
5475	14073
6284	14841
1055	10248
8064	14783
2869	13838
4605	11123
8553	11702
4903	16917
827	17009
1796	10808
4447	17212
6191	18104
1856	11663
3628	17589
4123	18256
8713	16171
6804	15767
3363	10024
2998	13724
4006	13770
5990	14176
8937	17528
8185	12571
35	9181
5553	12382
2212	11301
2377	13857
2861	9342
3846	9576
8207	10351
3541	12233
1920	17473
3055	13301
5487	14762
7205	18179
5467	17836
2173	12202
4203	12017
4527	14065
4747	16623
5671	13608
9101	10814
1325	10387
3688	17415
3419	17249
7764	18250
554	13062
1958	12466
4818	13381
4689	15536
8565	14127
6134	16200
3370	15668
8593	13159
3988	16819
3342	14498
5737	13659
5470	14094
3480	9812
3059	11836
550	12980
1681	16972
156	9963
1710	10253
6908	14239
8927	9221
7661	17184
3580	10316
4459	9663
3847	11952
6102	11862
7164	12519
2563	9851
3924	9793
3736	16222
3367	9490
7815	15583
208	14915
3805	15002
210	17944
1436	10204
80	18047
5050	11961
4077	17889
7022	13097
4909	14216
6105	17479
4286	15605
5225	10285
2042	16559
5966	17539
6985	12969
2966	16272
5865	18056
1219	10665
7696	16012
97	10841
3779	12431
4168	10631
7232	15461
7041	18111
6680	18069
7295	18147
212	9372
1730	13823
8954	13749
3618	13188
4953	13581
2887	10713
6682	12211
6104	18233
1891	14278
4166	16985
6140	14704
672	14991
5787	17152
7666	10007
5218	10423
3911	10038
6500	14925
6935	13557
1505	9298
2420	13582
8010	16775
3264	18055
104	15917
6559	11534
8623	17664
8569	11129
7607	15985
1880	17548
4513	12978
2002	17218
5856	15946
2721	9257
680	12718
6122	13134
1338	17607
1400	15723
1702	12730
7007	10725
1540	12935
1213	10574
6592	11738
7262	15199
5150	18078
1804	12824
7446	15012
3767	15705
4565	10468
8377	16827
8695	12847
7722	9163
5427	10207
6218	14269
517	16458
2942	18071
6407	17565
1666	17313
551	12951
7879	14315
8704	9681
1107	14121
1386	12996
6096	9476
7725	13810
4319	10704
2584	16280
789	14341
8479	15308
697	10983
5895	16134
6300	14406
5068	10871
9149	10902
666	13198
345	11561
7184	17376
8786	14828
7736	12306
347	13601
2471	10255
3415	10449
8534	11425
607	13164
2767	14113
5160	9807
5653	14668
6291	10056
923	12982
545	10131
2053	9933
4305	16808
7525	16651
1334	17870
5928	10531
3371	15988
4583	14684
7543	16773
5669	16496
5455	14208
8068	17440
2851	15144
1267	15577
3804	16010
4736	14413
3577	17447
3202	15203
4845	12072
3760	16799
6004	10235
4101	11099
7276	17605
7103	18135
9121	17840
4061	11199
5417	16653
5661	13140
924	13347
1965	12559
3400	11929
4595	16690
2597	17702
4196	14729
1566	16232
5957	13605
4167	9351
6753	12364
5801	15607
8928	15950
1725	18277
2611	10884
5720	10636
1459	12989
561	13112
8051	10092
8117	12568
3058	15360
2870	17475
8747	10072
3683	15383
6136	11740
8522	15080
3833	12767
1777	11690
1735	18206
1488	15081
6364	15806
4507	15963
7286	16581
7771	13459
1850	16643
2357	13638
3344	9950
2387	10046
7984	17777
3418	10459
1305	13475
2228	10979
2692	12339
7035	14108
7116	16966
6289	12485
2711	11336
3038	11194
1497	13798
6520	9235
4919	14289
4659	14153
3015	13822
3667	10401
6273	17025
971	12322
3029	14950
5250	15050
7839	9292
6536	16662
6770	17308
4026	9954
8536	16266
8574	13762
7213	9414
5131	13279
4340	15284
797	11466
1695	10748
7678	15548
5668	12693
3875	17436
8396	15962
6778	16229
841	14567
3074	10710
6391	15403
6467	14292
3179	12351
6447	13922
8401	10197
6229	10522
5766	17459
5440	16051
6188	11934
2665	14610
6702	13695
5210	10415
6022	15961
232	9616
6777	17586
5182	9769
4414	12875
337	10079
8867	12461
2479	12670
1831	17606
6156	10928
8375	13036
8856	12959
5949	12255
6862	10913
124	9859
3634	11879
3629	11481
1561	13119
7763	18319
5743	11695
4074	15345
7222	17699
3513	14580
6760	15954
7264	12058
5629	16109
41	11621
4977	15304
3512	17811
8641	14514
9032	16085
6483	15556
4298	15279
3918	17635
8468	15721
239	14133
9142	15448
1941	11288
4512	15588
5381	11562
2404	14741
6464	12465
2436	10633
3246	15637
8136	16620
1530	14330
1517	9745
3910	10067
7407	18320
891	14311
44	9618
7888	13593
6087	16637
3170	16941
7102	15497
5333	16375
5881	16660
6174	11237
4615	14410
6764	18198
2583	9470
579	11580
8057	9669
4027	11208
7170	16953
2088	11300
5631	13685
8361	17863
1074	10234
7307	11585
2191	18112
5878	9656
5913	17417
3167	17659
4798	14602
8529	17030
7100	12756
8844	14951
8680	11274
603	11577
3989	12598
3193	17339
3214	16340
5286	16042
4407	13536
2781	10486
3953	14473
1209	16457
8512	12762
2441	10690
824	12844
7521	15036
5012	15244
2615	15696
6883	12123
938	14974
2679	9847
9029	14258
3160	10936
2776	14242
8493	10273
1551	9833
1196	12152
1215	14894
3963	15454
2064	11021
8158	17994
2355	12853
6803	17141
7431	14231
6695	11497
7529	9498
2612	14015
5162	11227
5819	15880
9119	15302
4618	13224
1068	10738
3621	12752
7424	13172
7107	16016
2123	10555
4076	16903
6155	17534
7786	17896
5931	17778
5920	18293
2749	16938
6892	15632
7185	15751
2836	15550
6495	17504
5639	14087
1021	16959
4877	11007
6382	10157
8859	15479
968	18278
5770	14287
8793	13893
320	15672
6669	12229
6724	15952
6090	13891
6039	11328
6286	16693
6747	14535
203	10769
9110	16821
5412	11131
1875	12963
5092	14508
4733	17291
8644	10152
5765	17193
6424	10501
2158	9714
5284	17077
4563	10247
7073	16747
5996	13977
520	11296
1484	16927
1427	12583
7151	13802
3947	9596
390	9829
4426	11784
2989	10453
8706	12475
353	10566
5736	11396
6563	14386
7837	17563
4683	17769
7999	11516
4462	13294
235	16215
6228	14521
6099	14662
6233	17774
5524	17877
1578	13042
5240	15522
3780	17284
1929	14396
3137	9631
7468	12508
5698	11418
7219	16022
1522	11839
5843	13850
6714	10053
6363	16337
1001	10996
1871	10875
77	13508
1258	9898
5824	14105
700	17551
4428	15674
7177	17402
3388	10137
2885	12838
7891	16001
2468	10488
7165	17031
236	10674
6010	13356
6841	18190
4880	12610
5604	10915
7809	14728
2747	12960
6826	13991
5498	9582
8763	10730
6618	11546
2464	16317
1890	16948
4184	11673
8199	14710
6781	17805
2354	11254
7045	15518
6795	17930
9114	12830
7193	15777
1845	9262
8655	17879
8693	17406
4714	17631
963	15319
6267	13709
1498	11942
8646	17578
8852	15407
614	13123
6816	9213
8523	12738
5675	16071
1036	14416
8765	16168
1712	10734
2319	13832
6598	15870
3547	10239
5626	13245
3658	12477
197	17523
3200	14750
5927	14797
8060	14601
9007	16341
8222	16645
8547	15974
6746	16846
6127	18192
8697	14325
7207	10377
2237	13597
1262	16360
8740	15821
4276	17535
4288	9514
5277	10177
6220	14238
6437	12105
7539	17590
3315	10714
7719	17681
8272	12677
5148	14779
290	10407
6030	13081
2922	9979
4526	15242
7294	13732
8038	18251
3755	10482
3899	9364
8046	17433
5898	9818
8316	10180
7260	13824
5211	9875
2394	10602
4153	10127
2093	15521
3859	17229
2011	12803
6089	13361
8213	17624
1434	12052
7026	14336
2014	12008
7843	17429
779	9667
2790	10155
5098	11860
1881	14803
6295	9310
1130	13491
7651	18257
1270	10471
8103	16725
8490	10993
3812	10712
8278	12883
4962	12195
1123	14041
5169	15399
6733	17276
1996	18097
747	10997
5149	15013
4321	17102
3007	9418
2602	12537
4940	12799
6121	17305
2504	17743
2278	14726
1510	9517
7970	15987
2169	15122
6110	18132
46	17557
6277	13868
2952	13467
6505	13366
3703	12797
6605	13098
3433	14043
6125	15289
6397	18296
5305	11963
3825	14327
6551	18024
3678	13539
4118	17007
1113	10484
5296	11668
2172	11870
584	11278
2432	10904
2911	13035
5159	10437
6912	13923
3785	13744
7095	13531
8682	15439
7546	13787
2333	16698
319	17027
2474	11349
3421	10851
2418	11896
3717	18034
7187	12563
6565	16943
2163	16847
7050	10688
4221	11726
6170	14577
2645	16716
4477	9749
1019	11056
8175	13212
6458	14719
76	15923
4790	16770
4050	16140
7319	12602
4964	16986
7942	16307
318	10163
4715	10609
8498	14688
6106	17766
1284	12751
4985	13973
2949	14605
2588	14310
3611	15702
5266	14636
5529	10473
5177	13716
7518	14701
5807	16608
106	17647
7587	17640
4352	14490
5583	13743
1618	12674
5714	11787
521	13216
2196	15112
3900	17537
4295	16485
7338	16962
2578	12586
6745	15130
1824	13718
4336	10244
7171	15138
4786	12037
5974	13662
1186	17925
2006	17234
202	11015
473	11529
4900	11080
1921	11456
307	10199
4734	10890
1045	14409
1809	12719
7326	15699
1332	14549
1978	10945
7301	14356
5324	13909
1006	11811
745	12889
6515	16685
5416	14137
7684	11085
4356	13986
3853	18310
130	12216
8616	14332
7772	14531
3542	12234
1835	16532
3776	10136
7271	16715
4139	17554
1852	10350
8483	10213
1737	9873
5449	12746
5386	11940
4744	15932
8562	17132
4490	17157
288	16568
3651	12955
4590	18122
3517	18141
857	9179
2039	10858
5616	13397
8275	14072
7487	15646
5029	10041
6299	17461
7648	17366
5742	13812
4066	13139
1072	12860
1253	10327
7555	13044
5465	15972
1314	11334
2285	12184
415	15778
1155	15314
4663	11203
2919	13255
8388	13269
7236	17245
3501	17613
3649	14859
8227	16807
8406	14767
1531	11792
877	12692
6703	12210
8105	14354
5153	10083
8299	16384
1439	15217
8873	15549
4016	17319
405	17700
2818	11037
2920	13845
4816	12168
1661	11914
512	12222
6713	9283
3972	16914
8558	15200
434	12165
3142	15263
4250	18092
508	14104
7675	14586
1227	9503
2184	15874
6042	17449
7585	12180
4808	12402
1467	9473
5757	10545
8019	13902
3222	14343
205	17238
8367	18317
8028	12507
5565	13458
5651	14902
457	11723
5221	10984
1896	9308
2634	12049
1571	11672
2823	9975
8895	13330
3157	13217
2740	10328
2019	11020
6896	10413
6268	9504
3922	14559
6093	15127
1713	13839
1626	9699
9155	9399
117	9726
3042	15400
6589	11322
127	16883
5563	12774
4421	15176
1771	18038
5382	17049
7796	12890
1477	11598
6335	15724
8990	13472
829	9920
4702	10457
7883	17151
8150	18262
1607	15571
1214	15455
4187	17797
6610	16989
1507	17309
3860	12492
7712	15693
8186	14587
2149	16934
8457	16026
5041	11612
8497	10824
4980	16091
6235	11024
4044	16191
5954	13090
3101	15609
8908	10224
4291	11390
176	16561
1079	13313
2074	15562
9015	12251
8846	13084
4001	10943
5109	14452
3939	16523
8837	13727
2178	13048
5938	12135
1987	14399
42	9284
8575	16638
8829	13281
740	17137
2819	9640
3430	12805
282	13025
3903	15366
2128	11097
1	10727
8777	14867
4837	18295
3437	16098
4852	12093
3727	15783
4773	17204
4712	9173
7109	10441
1750	16675
5283	17180
2179	17689
6691	12834
4645	15845
5873	14267
7043	13780
5564	16351
2644	18165
3799	17736
8912	12865
7085	11555
4201	12793
2445	10384
8716	17914
6864	15321
370	11357
8322	10852
4722	14085
5887	15604
5349	12368
8608	10358
7510	14619
4547	14075
2302	9852
8628	12021
8543	12231
4638	10715
464	11350
6377	13599
2240	11272
2629	14093
5531	15239
996	13282
4758	9562
1909	15003
6278	12289
709	12716
3917	17325
4393	18224
7051	13797
664	13950
6936	16119
8289	16974
5829	12355
4987	16687
8047	17848
3228	12964
6835	12630
8159	10205
6963	13686
3253	10338
1670	11686
7316	12652
4423	18139
4240	14926
7542	9988
2040	10231
5640	10567
8963	17100
6678	12129
1329	13989
5282	9760
3999	9947
7552	10601
7195	17103
7078	12403
6933	11411
8923	15215
5512	14020
6789	15134
9010	16111
1150	16562
4785	15910
8284	17368
522	16282
8321	16293
7194	15248
928	11064
2695	12096
7575	15426
7777	14669
3936	12457
7705	10294
3089	18205
1708	11464
427	15137
6285	16149
5314	18164
1191	15416
1930	9730
7172	10857
5185	12806
7906	18236
8726	11595
934	12852
3765	11620
149	11241
2811	11256
6113	18074
4227	13566
644	9478
3840	12608
890	10672
4574	17224
3104	16195
7351	11852
2119	10493
8752	11373
5157	16032
8598	13689
1120	12985
1083	16951
3102	16490
498	11927
8140	15016
7390	17105
6186	12733
6943	15211
8915	12811
4609	10923
9028	16331
6252	11183
4536	13919
2249	16421
586	13280
3258	12060
4887	13844
4467	10722
6249	9612
327	13337
3005	11112
4776	16264
2956	13584
5241	16611
2160	14229
3103	14891
4868	16030
4246	11982
4456	13660
6060	12027
5130	11222
2687	18125
1520	11954
317	16411
5438	11696
4455	17106
7114	11656
3704	16456
4951	13257
757	10543
7337	16023
5251	17011
7594	16258
8054	13179
2197	13261
6738	12022
6331	9927
7838	16633
4046	15688
4344	14398
4333	13681
7423	14022
1299	16131
6811	13251
2129	11098
3347	17694
8012	17670
1175	17947
771	15853
4345	17962
3656	9795
4473	13870
7785	10650
746	16187
8416	16301
1304	12778
8940	10551
954	13833
3485	16269
7946	14054
4487	16937
9062	11402
5458	15109
5205	10907
6871	13230
8286	10647
5468	12455
1170	11705
6303	12348
3335	14715
5145	15968
5859	12181
3713	13966
4209	16015
4008	17881
5838	15882
3941	17493
8021	13423
2834	16310
102	10489
5158	18134
1007	9242
3175	9188
4351	15458
5051	18264
1327	14437
3116	13556
2981	12707
7373	14180
4814	9952
168	9187
2511	14958
4602	11368
1444	16356
6891	9691
2678	14899
3571	17894
2555	17506
7969	15576
3217	12541
9023	13736
1404	15282
3549	16573
9086	17467
8843	13147
3642	12813
2134	11830
3866	13713
5774	10071
1171	10343
1322	16655
7621	13484
6108	14414
5056	15772
3789	12451
1733	11388
8317	14730
4126	12066
3133	11399
6674	17905
6506	11881
7017	15965
6222	13225
6346	15362
2955	10373
2027	10921
3885	11018
8606	17757
8708	13173
7091	11091
1592	14154
3100	11980
4658	13474
10	16392
8946	17725
3270	15357
796	11664
7413	17796
5379	10692
1056	18279
6956	17990
3905	14151
941	15630
4339	9196
815	13789
8382	10396
826	9942
2650	12698
3929	18166
8601	12664
4591	14941
7501	11677
6019	14659
1300	12691
8417	14584
633	15350
6602	17815
1691	16763
4603	14566
1693	9765
62	13060
2189	14653
1655	12631
2325	13441
7935	16153
2666	10369
220	10679
1742	16152
7310	12225
5421	11303
9085	14482
6523	11137
4976	16642
1139	14585
2984	14463
3652	15237
3098	9462
9019	15247
2936	9934
8408	12962
2680	9554
4891	11907
8770	16882
3554	12726
6861	11146
7947	11840
8902	14101
2647	10225
3983	18145
1892	11542
4162	12759
2866	14045
2892	12115
4648	16419
3500	15210
2567	17421
5882	17166
1672	12473
3508	15995
3143	10052
5481	15825
3639	17693
4095	12655
2466	11033
6292	14637
6755	17810
557	9672
3025	15115
3372	16877
1066	14620
4343	10963
8766	11356
5946	14313
3386	12771
5363	11995
5004	13049
58	10330
6395	16822
4606	17992
4229	12361
1834	13046
6947	10776
1588	16472
1832	14677
2579	18241
6641	17418
6786	14188
5243	13772
316	13263
5712	13825
4164	14301
7363	18253
2621	14192
5312	13904
6599	15737
8864	12884
8572	12408
2993	17608
7354	14102
467	12894
54	15150
7869	11608
4750	11648
1654	17549
7784	11503
114	11160
139	14879
1663	11153
6318	11683
6576	13835
7377	18108
2681	12669
4753	9878
253	13664
5580	14429
4636	13611
6088	13166
1722	13808
5119	12002
5991	15376
1018	13737
1754	14338
6905	17451
5762	11972
2304	14277
3308	17898
7421	16538
8411	15769
5500	9991
4819	9972
5127	13988
7089	16968
5269	13792
6419	13122
3964	18214
2933	14742
8636	10077
1679	11639
1933	10929
306	12627
301	12929
3361	11706
8774	13470
3195	14470
9097	15132
6439	18052
1236	11965
6497	13943
5142	16394
6145	17243
7698	11136
1724	10139
6750	10716
8013	17573
5260	14995
7709	13427
129	10977
676	11434
4612	16206
1165	9508
2273	14937
7855	14006
3374	18119
9140	15619
8056	12468
6040	10503
2689	14024
1164	10798
3489	17285
3566	17333
1595	17135
3227	15354
7490	11569
8338	13924
6677	13051
2972	11486
8319	16509
4942	14655
2979	17290
3711	13041
7601	9230
6058	13993
6558	10883
7277	10680
776	10324
7819	15374
169	15532
4800	17710
1657	15317
705	16802
6111	17138
4838	12906
2054	14109
3991	15907
3060	11837
7353	15175
1151	15814
111	14945
4844	18312
4161	10705
6450	11225
354	11799
2763	16362
4362	13303
8384	11948
2980	15526
3638	13231
311	16549
6839	17235
8450	14122
7829	14612
967	11432
4391	16401
2726	15476
29	9294
3784	16785
4621	15795
4371	11518
4647	14961
7160	14064
1581	13092
3604	15004
4251	17569
8463	16309
9005	10994
702	9191
383	14224
6829	16961
8461	15707
3184	16221
6283	13358
5326	10572
5995	12319
4849	13969
8550	16526
6302	12228
3296	10951
5732	17350
1739	9557
2983	10162
5505	9996
3996	14434
1971	16116
1029	12941
6942	12421
7975	13463
8559	14243
3590	15717
7189	17712
4568	13162
2152	13228
5619	16114
3297	14481
1967	11520
4789	10470
3172	12676
3570	14978
8178	12673
8689	12753
2308	14106
296	17886
601	9232
6101	14408
14	17726
7672	13292
6756	9823
8407	16436
1610	17601
4137	11567
3426	15912
6879	15732
5598	16245
7939	16743
2733	10578
8195	17826
2327	13163
7702	12775
2041	15348
949	12874
2035	16199
69	16830
4907	15524
7237	17460
3183	16465
7333	14769
7406	17252
6034	14709
8232	18095
6444	17209
2330	12309
3355	10898
6375	15852
7054	14069
8709	16125
7168	12024
2056	15735
6958	17833
3306	16464
5621	11226
5047	17377
8424	17669
627	16239
3398	11367
1105	13083
3873	16971
3211	14555
6017	16178
8910	14679
2532	15328
3569	9905
8993	17172
2431	13553
8924	15839
1115	17298
5738	13672
5633	12713
5896	15472
431	10598
4372	11490
4580	13569
962	10186
6606	14382
9000	15828
7742	16073
6918	9867
6015	11687
1656	10496
262	9542
4675	15714
7724	9584
8948	17280
3975	12442
5406	11589
651	13074
1687	16596
2167	12932
2641	11329
5997	14005
8226	13698
3572	15509
313	16947
3586	10185
7752	14804
905	16380
807	14946
2476	11697
7209	17329
5779	17185
4938	11678
8821	16576
9100	9279
9141	11760
5739	14849
3534	17821
5652	10637
6466	16025
1938	16070
5097	10434
8402	9434
6836	15014
3155	13965
7659	10356
3758	12917
5045	12722
1552	11981
6390	15566
7061	17320
8063	16588
2865	16247
2535	15475
3140	12536
4179	10122
8613	14461
7580	10925
4260	9825
3391	15734
5868	16891
5276	12826
7686	15686
8453	14337
6595	14613
4310	14303
683	10678
6169	11371
355	16769
3532	16793
4856	16151
5409	9167
4009	13854
4130	13645
4721	11094
4158	13874
1955	14350
2087	11657
4148	11644
3756	16980
8862	16604
6404	16251
988	9931
448	11133
4338	16759
6776	14355
6020	9334
2636	11541
177	15023
6442	16701
8582	10700
1358	10879
4488	13088
4060	18267
184	11935
3011	10110
8211	17934
5319	17349
8389	16673
8044	12274
3630	16402
3121	17847
4374	13113
3901	17792
552	11358
5855	14227
423	14189
2408	17219
1229	12984
3681	9796
8315	10515
4588	13082
9159	11243
7060	17477
7973	12993
7787	11140
7005	16893
2176	11712
6921	10202
8192	12003
8953	10020
2446	14924
3460	10917
8045	13421
8235	14759
8525	11042
604	9856
4304	16506
2032	10627
4395	9743
2856	15829
2843	17918
6394	12872
1846	13819
1387	10439
8086	15901
72	14008
3078	9751
2222	17758
417	17868
4650	14346
2267	13502
6884	15503
8281	15060
7331	15052
2159	14986
7238	15906
2603	12590
5359	15222
2709	12414
6498	12635
9153	11470
4120	9518
5773	12525
8485	14299
7019	12937
430	9965
8833	14929
978	17006
8973	12949
9025	16614
5923	12534
8931	16664
190	14079
4225	10153
6272	14864
8320	15840
3231	15264
6117	11609
6472	16203
4268	17707
7783	12833
3452	18048
7364	10485
6198	12470
2443	10192
5751	10073
7854	10755
1780	12667
7500	11632
5384	14140
1857	14711
8524	13859
4781	15626
6593	9429
6728	11252
1537	15241
7990	17119
5846	15700
1790	12489
6422	12829
7190	17629
8647	16335
2702	9959
866	10293
120	11997
7623	16535
2674	18124
2741	16553
4842	9750
7124	16209
5660	17394
416	9702
2194	9967
1675	15152
322	14262
7433	12029
1544	11581
970	16534
5575	17829
3323	9317
6554	12596
7497	14447
6546	11991
8261	17437
7867	17902
2046	15643
7732	15894
7180	10405
2958	9501
1042	14550
1025	11343
5538	9494
1367	10216
33	11234
7397	13383
2236	14112
7097	11819
7707	16865
4971	15344
2459	13270
956	10011
6566	10361
2568	12275
5080	17162
785	9361
6954	10150
8481	17227
204	12634
5825	17278
3538	12307
1058	13238
8260	9723
4494	16096
5330	9506
4217	11574
7955	12356
1495	15250
4894	16368
5077	11781
582	11282
1801	10732
5061	15781
4479	15793
3528	10252
1984	16137
5608	12689
1608	9265
2361	13482
8310	17878
5401	12539
1154	9869
4821	10395
5432	12244
8665	11949
1521	16430
799	11853
1181	10864
6076	17596
7289	15381
977	11292
4235	13265
7272	9552
4398	11145
6734	11295
7123	12159
5919	16873
5981	17926
8759	17756
5410	13890
930	11257
772	9391
4869	12242
7683	12496
447	9978
1502	10865
3333	10270
4031	13914
3124	11835
6667	14358
7878	16034
534	9459
16	12572
5289	12386
6978	15996
8003	16521
7025	16445
8624	16551
8489	14472
7379	11433
6032	10371
5373	12503
2000	11003
2628	11484
228	9551
652	14811
1190	11874
8879	16027
778	11794
7812	12030
5658	9756
2968	9872
8098	12224
4906	10279
7328	17145
1027	9658
2028	15378
7311	14082
4205	12931
7958	11990
2830	16895
7101	13827
5247	12728
1598	11650
1256	11859
8447	16703
9021	16671
1956	14117
107	9661
9107	17495
1323	12921
9043	10276
2940	15796
4092	18114
5437	14168
1683	16695
3564	18181
7202	9602
1570	11090
7394	9240
2616	10403
5763	16297
6796	15534
6989	16172
710	17651
8224	16712
5755	14564
3187	9502
1075	15096
2379	11267
7690	13778
6431	14842
4995	14780
6488	13324
809	16175
4079	12232
6238	14528
6628	17838
5345	12043
4279	14352
1335	13782
3997	10367
7287	10583
4379	17510
6863	11453
2557	9794
2195	15502
6964	15480
8263	14025
5352	15396
6957	17341
3455	11847
7517	9800
8622	11500
792	11917
7723	16241
6514	15905
5238	14870
9148	15535
8760	14235
8071	10991
6190	17733
8788	9304
880	11846
6362	17657
8734	16842
6095	13157
7444	18215
869	17937
598	11583
7084	16556
5750	16990
6601	13133
455	16708
4873	10861
1223	17816
2986	10424
4835	16856
4128	12734
5835	15084
3519	16778
2957	14407
4380	12237
7167	9890
6907	10141
732	11004
3442	12167
7	11858
4623	14698
6876	11467
2260	10956
2951	14033
2880	14692
4109	9224
568	16931
5627	17927
8965	14569
1033	13125
7608	11747
119	16838
2359	13562
6660	15670
5789	15945
6129	13671
7873	17634
8258	16684
8290	13085
7350	13244
3354	14203
8006	11733
5489	12524
2987	14166
4498	13669
8643	14086
1539	9885
410	12956
5233	16634
1957	9300
9002	14466
3235	11441
1101	13501
7313	11041
1398	13746
5836	9524
1448	17933
5358	14035
5501	14245
1960	11505
876	9939
8332	11230
6103	9222
2218	16295
9068	18167
3304	14776
4030	16700
341	14390
2877	15135
7083	10064
6250	9866
2012	9918
4941	12045
1280	13643
8700	11174
4198	11761
7923	11699
7013	10912
3484	13223
6843	14755
5176	14907
6045	10718
9048	11905
123	15459
6567	9733
6579	13963
4870	14785
616	14368
4186	17969
2374	16002
3483	9935
7716	10412
7496	10090
2217	13860
5301	9261
5246	12162
7257	12856
6530	16984
8668	14067
1714	9912
3470	12278
452	18042
3190	9382
3631	10060
4180	9319
7605	16463
4935	15204
7814	9274
3958	12160
4110	13580
8711	16217
2352	16028
7699	18085
8690	14039
1500	13024
6805	18282
1509	16479
8984	14296
687	11746
6885	15162
4742	17101
7502	11458
6339	16330
7512	15999
8219	14703
1554	14012
8247	16233
5311	17794
8238	15101
4885	16382
8160	12113
3647	13436
8386	16185
3729	9940
5670	12120
1512	13402
8865	18043
6648	10778
8297	15581
5744	11676
2076	9419
5749	12643
2135	11337
5971	15257
259	17346
2370	14125
4777	11998
2842	17785
2515	14939
300	10302
1279	11973
8981	17020
8330	16668
2070	17296
4550	17817
7983	12715
1748	10763
1842	14609
6716	17738
4155	16208
4911	15575
6164	12638
1560	9398
1455	17096
3319	13126
2346	9841
3573	10613
7734	14182
7410	13751
2871	15868
2131	10458
7228	17919
7547	16327
3494	14055
6783	17316
8845	15792
6806	14696
3648	12125
5808	9313
2233	9347
1016	18184
3345	11634
3036	17052
7919	9375
5552	15260
4460	14404
8997	14183
1298	9481
2874	12971
3481	15028
3709	11578
3353	18252
91	14348
5816	16383
4389	14916
6909	9798
7096	11369
7308	15234
1076	12703
8121	17345
6801	10200
3828	12332
4415	17306
7470	12378
2458	14530
4476	13075
174	9329
8353	10233
8110	10360
6977	17532
1807	13892
897	14865
5055	13687
2234	9977
5493	15238
256	13372
6548	10825
5977	10772
2406	16357
8611	10919
3982	17422
308	10990
6132	12000
7993	10223
6078	10382
606	9824
7769	9970
8118	15998
7002	9625
3431	15491
8539	17303
9147	13641
5508	13970
3616	14143
3806	11643
3472	13357
7246	17850
4195	15067
4014	17547
6412	17566
2449	9512
4783	13362
7828	11333
8938	13008
7342	17231
5063	14888
5953	15481
7293	18245
6700	14009
1674	12300
6168	12156
2400	11619
7381	13461
386	13548
4923	10767
8482	15088
8605	10842
6475	12945
8840	17892
2630	11261
4696	10349
5902	16699
532	10655
6204	13558
8288	17928
4102	16100
2001	18292
1460	14943
3739	11424
8544	12354
1285	10347
55	9354
6744	14078
8459	14138
4871	15265
4803	14827
1456	9336
2367	13479
6333	12695
8162	17099
3813	11305
3383	12131
4096	10992
8253	10541
5245	12372
4899	13334
6310	16083
4204	15941
3856	12873
6316	14707
3165	9408
7157	9982
7916	16711
4185	13735
5937	16364
999	15145
2997	16081
2835	15151
4685	14443
310	10961
5827	16159
4619	18178
9026	16940
5497	9561
3427	15073
5024	13554
1451	12416
7535	16946
3316	14077
2127	9581
3369	10149
1511	10593
85	9580
995	13202
2632	10335
8036	11707
7703	15858
8354	10749
8546	16314
5085	14260
1749	17066
1333	15730
2270	11488
4861	14217
5924	15462
2363	11450
7976	12912
2004	14261
1349	14947
1756	9348
5968	13719
2448	15908
3842	13415
3409	15754
737	12770
328	9466
1624	9534
7225	10546
7063	16104
2220	9393
59	13369
4640	13980
7132	17311
3031	11885
7325	14834
3708	15884
6987	15644
7872	10786
7668	16352
3916	17471
994	14419
412	10086
9130	14906
6372	11694
6173	16325
2371	11922
4699	15595
4413	17550
4289	9328
6779	17430
929	14625
462	13296
7139	16110
673	13734
302	12326
1935	16132
1694	11163
774	18302
6023	9630
8896	17435
5893	10121
4012	11204
6932	14572
4997	15667
5548	10290
2945	10835
1372	16854
835	11364
4920	10659
3429	13214
5429	9567
7229	10971
511	10320
3440	14431
57	9673
3275	17386
9096	17729
3863	13057
486	11280
4103	17611
6694	16167
3086	12725
8664	15750
5036	12439
7477	18199
2596	13393
2409	12088
4264	13143
3166	14129
3392	12074
3056	10178
3376	15784
8600	16197
1119	18234
4039	10218
6499	10070
4267	10731
6253	13574
1078	12164
1274	10333
2165	11132
4902	14380
1721	13715
952	10303
4316	10062
6426	14744
5368	13211
1704	17682
7459	15168
1271	10331
9041	16957
3498	15300
342	16348
3617	11844
3091	12254
6650	12076
1064	15295
7434	13714
5428	14149
5074	11239
4071	17942
7221	13771
1617	14764
7243	18222
7691	9287
6319	16976
1249	11012
5457	11882
20	11315
3712	9276
2525	11394
993	15692
610	17853
1044	18287
5929	15926
4969	16313
191	14761
9040	9853
1976	17974
5795	17950
660	13009
1604	13693
703	11116
6821	12854
5760	17831
7574	10211
4224	13785
326	12041
5329	16542
8403	14038
3446	12552
8903	14835
525	9523
5037	11442
2299	14877
2777	17085
2841	17544
903	11848
5122	13777
3425	11519
6626	11985
959	18303
8429	11155
7137	17064
3094	16600
2685	11526
1014	10084
4822	15410
8893	16387
8070	10667
1200	17658
4661	17264
3962	11770
4252	18009
3714	16218
6236	10446
7780	13309
7592	15240
8102	14328
8311	13836
8236	13731
5734	10617
3343	14044
7173	14329
3636	16050
6502	18209
896	16644
7251	16930
5562	17373
6341	14953
4332	13400
5212	9969
8780	9980
8502	16845
4597	9480
125	17470
5219	11878
8039	17813
4730	16013
6342	16252
2585	13535
5952	15283
3027	17595
1178	13110
6837	13176
4872	11817
6809	15095
8832	14868
693	15077
3957	14136
7335	11893
3857	18227
3021	17916
2964	14248
8148	16744
6312	17948
8202	13272
6354	14631
1677	11871
3352	9797
1923	18059
1838	14830
811	10729
1125	11919
3106	9496
6865	16193
8880	18188
3444	17686
8514	13392
7440	9526
6033	15790
8834	17502
4436	12107
4738	12084
4183	14283
4334	10559
4778	11630
7898	18258
8043	16166
2242	10651
8231	17931
4684	11013
2828	16676
8135	17922
1295	18183
5528	9761
6792	11465
8170	15436
1452	11721
8839	15486
4080	18017
4324	11631
247	13020
5439	13918
369	9736
7911	15100
1457	9499
3139	10268
1858	12481
8870	9443
5060	12479
2778	10938
5480	10226
655	12513
2125	11489
5814	12388
1430	15542
4377	16635
507	13207
8595	11969
5797	14124
8531	17478
8905	15337
3325	16617
7179	13875
4855	14036
5783	15846
7642	13249
759	10435
2425	15372
5885	12482
6158	16609
1010	10816
8816	11556
3530	15984
7959	13841
432	9299
2341	14421
2186	9468
4542	11447
1514	11179
8612	17398
8128	17456
6858	15382
2401	15656
9055	14862
2061	11727
8764	17174
5166	11428
7411	17666
3926	14654
116	11297
6131	13568
741	17653
1970	12303
1596	13879
1784	13087
8663	16738
7376	15507
6807	9578
285	9424
1977	17371
2148	13287
6226	15358
401	10856
4317	13656
5665	17154
4146	16486
7744	16513
2917	16544
4867	13940
704	11688
4847	17737
560	9894
9161	15243
8008	16142
6568	18275
981	14199
3174	17334
3467	10112
7968	12194
2077	13359
6002	14159
2793	11052
1202	15627
6663	17484
3890	10563
4111	13344
1862	10269
4301	15253
1973	11410
4004	9340
5261	15785
309	9357
1244	9644
8109	17677
5593	10245
7027	17558
6550	15510
8360	16583
5875	14576
4181	16857
7495	13205
8415	15638
8790	14766
6325	12591
7856	17140
1562	17723
250	13070
2085	16157
5813	14314
6009	15857
2556	15531
6765	13235
1391	13477
7514	13195
2759	12606
820	9778
1339	18194
4731	14026
6917	12748
5444	10638
5784	14634
6928	14367
5747	14697
6604	15591
5423	13901
267	9259
9093	13957
2831	9897
4419	16963
9	9197
5204	16501
4687	17527
8782	9802
1874	13497
5722	12440
3783	10029
2705	11178
6446	12556
6557	17652
3772	17767
7834	16833
6948	15011
8198	16689
514	11646
9102	9352
6570	13061
6135	13426
845	17244
6585	16426
6509	18153
209	15501
2832	10242
1589	12828
4851	10386
7511	16816
7420	9772
4704	14280
186	10017
4226	11742
2633	17852
4435	13882
6371	14851
5038	17857
750	9487
6961	15225
5566	11128
5648	13675
1089	14562
4589	16899
8783	16338
1894	12863
482	10416
1301	9349
2756	16355
8555	16577
7519	9707
8527	11908
3482	11617
6351	12686
2201	17426
3395	13067
7108	9779
7730	10363
2538	13532
7720	14651
248	9770
380	14694
2890	11892
2142	11849
6201	18046
6720	18308
6526	13340
6097	14062
6425	16603
6727	15600
1188	15800
5643	13729
6337	9893
3397	10408
7030	15280
1331	12723
7885	15232
2322	15877
6225	13925
613	10001
6182	12810
6367	16572
5110	13952
9061	12620
1926	13552
2593	15103
4592	12203
2582	11436
7953	18259
25	11281
3893	14856
8653	12443
8050	10832
2967	11921
7570	16944
1635	10337
5239	10881
6552	10232
1746	14441
5983	12034
1602	17800
5884	16078
843	9367
5901	13117
2496	11359
2754	13754
3781	10797
767	14840
1815	15464
5151	17087
9143	17297
8245	12820
2519	12083
506	9374
3109	13262
7849	12755
3602	9201
6176	12522
1543	10576
4010	16410
7077	15787
2100	12158
1357	11059
1954	9687
6418	15218
3773	10885
9011	18093
5106	14573
8785	13791
8618	17752
8900	12622
7534	11380
4257	14335
2637	12580
4596	15649
3514	12647
5263	15074
2867	11888
3349	10939
8602	17071
7484	12758
4955	16286
1951	12117
2307	16453
6237	15131
2907	12891
5914	9986
7600	12296
8913	18202
8583	16446
4797	13794
5618	10746
793	12696
8988	15442
93	10754
953	18230
6831	17871
674	15268
5785	17564
2574	17404
1778	16665
4978	14522
5515	15818
2513	13701
2988	11701
5622	11816
4544	12068
7488	11213
3382	12387
485	12776
4303	15681
4881	10532
5495	15070
7140	18140
964	9715
1563	13246
886	18152
7566	10681
8151	15133
1864	12724
1148	11401
118	12400
6609	10866
275	13511
1684	16696
3737	16621
5271	13332
6659	11684
7092	11468
221	9716
187	13560
9111	17420
4530	15911
6441	14032
2450	12877
4219	12750
3062	12476
3192	10521
83	9246
7875	18032
7309	16784
251	14621
1156	11939
8246	17328
244	9440
2453	11780
5746	12310
6676	18297
1313	9421
4765	18207
4408	10116
2500	10889
7130	17917
47	15187
5527	10340
5143	17622
7676	17160
7735	15753
8448	9741
2274	12914
5207	10620
5960	18050
3129	15698
6939	13774
8576	16570
7987	14536
8806	17748
2881	18090
8861	10081
5452	9953
6929	14896
751	16650
1765	13089
713	12899
2669	12121
5472	16478
8164	9752
4144	13197
8285	16565
3486	15482
3527	17546
615	15807
5681	14111
487	11420
2294	15817
2353	11824
7861	13776
781	9860
2385	16213
2342	15221
1549	13184
7818	12039
8604	14293
3650	12091
7997	15296
2714	13758
2444	11833
8825	10444
4124	12294
8698	12090
5624	17744
3105	9966
5320	17223
1496	10535
8784	11828
5059	11938
4115	17468
3495	12409
3131	15775
5962	13086
6542	14497
9134	17939
5733	14146
7658	17109
3492	17687
5361	15590
1396	12644
4613	11193
461	15530
5611	15154
7571	15339
6482	15798
7527	14266
2571	12240
2023	9572
4524	11351
4434	17497
5975	16999
4107	17321
4165	17171
6294	13486
3468	18118
9008	13507
3815	15148
7508	10193
19	13178
5203	17873
6083	16625
3463	17541
407	13130
6481	18168
2337	17591
531	13220
4172	11660
1012	14635
146	10179
819	13590
5559	11977
3471	13442
6480	9384
6919	12053
3180	17862
5369	16437
2141	17999
5025	16431
9124	11808
365	10840
4635	15691
3741	13322
2243	13138
92	13305
4222	13863
3153	16017
2391	16350
6726	16006
6137	12812
4003	17387
3839	11055
2388	14933
8173	16758
4996	15478
3473	16123
7941	17961
7740	12500
6143	9862
5339	11048
6675	15290
3402	9273
8126	14954
1504	12413
3447	15934
3164	10552
8556	9272
2506	12650
1407	18161
5903	11040
2717	11937
4033	12905
7967	9268
8684	9216
2592	14120
9094	12013
6687	13022
1183	17485
7871	15323
8813	16540
2713	15184
7826	14546
1173	15470
7569	10761
7974	10372
9117	16052
4499	17147
1918	18203
8372	11802
1818	17837
997	10329
1110	16057
3682	11170
3032	14458
801	14476
625	11570
2601	9394
8073	10986
6270	14453
5852	14250
4914	17378
3130	16189
5067	11006
6388	14518
3816	13254
5354	17126
7052	15299
6486	15673
1719	11587
5863	10934
8183	15820
4889	13855
7358	10809
4206	10512
874	12149
925	13540
6955	13387
1575	13688
7348	11933
6820	15055
729	13419
1647	16092
195	10187
2045	9922
321	17051
5456	17287
3093	9555
1401	15715
9115	16975
1028	13307
4566	17727
2255	10325
6596	14206
17	9675
1781	9792
965	12540
274	12607
9001	17205
2102	15659
6098	12975
6541	16964
4190	9192
3543	13526
4525	16281
3724	14318
907	17336
8868	16064
4655	11157
8972	15236
5135	18216
1140	13103
6406	10469
958	15761
567	18018
515	10214
3268	17683
6543	12031
5727	11101
456	14212
3698	17598
1682	14322
3318	18110
3389	12879
4992	13529
5662	10397
7544	17867
8190	12308
4949	15611
7800	10259
1829	13080
1471	17199
5987	14391
7046	10834
8904	14510
623	13432
3878	15918
1579	13518
6834	14331
5864	10978
3662	10317
2155	10034
9049	17692
8122	11335
7461	13239
81	9247
6600	13666
3733	9307
1381	10891
4607	15797
3385	15342
6494	15453
4083	14948
2620	14736
7389	13384
1129	9704
8808	17208
5572	10529
384	12046
5356	10132
8473	13773
5192	12765
5202	17684
4802	10950
3984	11294
2433	14513
7662	10830
4266	9433
4585	12423
3375	15166
4897	11547
1461	12056
3562	16040
1782	10689
1636	11285
5252	10537
4233	15205
3380	14392
5817	9540
6868	16144
3144	15183
3869	14869
1587	11245
914	15944
8280	17508
8830	16289
3913	15492
6528	16332
6213	15725
2663	15040
8327	16412
8970	17058
7283	18148
2664	18200
73	16246
5777	11753
2599	15125
1311	10876
2043	12212
4200	12892
1779	12855
8863	14259
2403	13373
5089	12621
5198	14845
7931	13708
5792	13433
1805	9662
3300	13473
6991	15433
3626	15352
8823	18030
4	10165
2560	10015
1161	11946
6484	17798
8841	12122
1706	13203
2910	13226
1141	10709
1843	18265
844	14942
6130	15311
3909	17379
3132	16809
8906	13408
7014	14505
2575	15197
5506	10283
504	10301
5576	10957
6016	16656
6968	9447
2364	12597
3401	16923
5376	11201
6215	16616
1899	14969
145	16988
540	12671
387	9381
1840	16970
7671	10557
7545	15694
6027	9648
2396	9282
5892	9725
786	17283
8131	16238
6529	14236
2280	12628
1855	16550
6736	15000
3551	15021
3340	14091
7240	16868
2547	17721
4015	17636
7868	18008
8499	10823
7513	10900
7241	15322
1321	10390
2419	11901
3209	9335
7370	14230
2817	9848
7615	15841
9014	13196
983	15415
8657	14746
5112	15099
8648	16274
2114	15443
6050	16742
8917	16302
1703	13165
1555	13700
22	14657
1999	9379
646	9737
7485	13786
5194	12393
229	10897
3487	11378
7398	11044
7738	17993
7747	16333
6544	10981
